"Landsem";365;369;369;365
"Landsverk";497;498;495;499
"Langaas";255;254;251;249
"Langbråten";.;203;.;200
"Lange";1034;1033;1028;1035
"Langedal";261;260;262;263
"Langeland";2163;2171;2167;2171
"Langen";206;203;204;200
"Langerud";480;471;467;466
"Langfeldt";256;261;256;265
"Langhelle";404;398;399;402
"Langholm";230;233;229;227
"Langli";325;325;325;323
"Langlo";323;322;321;325
"Langmo";311;310;314;315
"Langnes";479;475;470;469
"Langset";240;246;247;254
"Langseth";1091;1085;1084;1093
"Langvik";303;305;297;296
"Langø";333;330;327;325
"Langørgen";217;224;226;227
"Langøy";337;332;337;338
"Langåker";344;349;349;352
"Langås";510;504;503;501
"Larsen";37041;36771;36541;36229
"Larssen";1656;1639;1628;1609
"Larsson";1524;1520;1533;1553
"Lassen";368;371;377;377
"Laugen";326;325;325;330
"Lauritsen";1103;1094;1077;1070
"Lauritzen";1568;1566;1557;1557
"Laursen";238;230;228;228
"Lausund";211;208;208;209
"Lauten";225;225;222;221
"Lauvrak";211;209;205;204
"Lauvås";301;306;308;309
"Lavik";529;533;536;530
"Le";1840;1883;1906;1923
"Lea";732;735;741;744
"Lee";446;486;507;512
"Lehmann";220;220;221;225
"Lehn";241;247;247;248
"Lehne";255;256;258;256
"Leidland";238;236;237;240
"Leikanger";292;292;294;293
"Leiknes";248;250;256;261
"Leikvoll";308;304;304;307
"Lein";600;603;594;589
"Leine";431;432;436;432
"Leira";279;282;282;282
"Leirdal";223;221;223;223
"Leirvik";738;741;744;743
"Leirvåg";253;253;250;253
"Leistad";317;318;319;319
"Leite";457;457;461;450
"Leithe";344;349;350;345
"Leivestad";238;237;242;236
"Leknes";569;575;581;581
"Lekven";270;273;269;273
"Lende";344;347;348;348
"Lenes";228;226;223;231
"Leonhardsen";315;315;314;311
"Leren";266;264;260;261
"Lerstad";.;.;200;200
"Lervik";1471;1467;1469;1467
"Lervåg";411;412;414;411
"Lerøy";223;227;228;232
"Letnes";205;208;209;212
"Levang";262;260;260;260
"Li";826;860;856;866
"Lia";1084;1079;1083;1078
"Liabø";271;272;274;271
"Lian";2011;2017;2018;2020
"Liberg";228;225;224;221
"Lid";1215;1211;1203;1198
"Lidal";248;247;248;247
"Lie";7425;7382;7385;7361
"Lied";480;479;474;481
"Lien";6431;6402;6388;6385
"Lieng";277;278;278;278
"Lier";796;798;796;794
"Liknes";306;308;308;306
"Liland";951;942;935;946
"Lilleberg";224;226;223;228
"Lilleby";319;316;317;320
"Lillebø";746;749;748;753
"Lilleeng";220;223;219;213
"Lilleengen";206;205;202;202
"Lillegård";298;306;312;313
"Lillehagen";203;201;201;204
"Lillejord";288;289;285;280
"Lilleland";244;244;241;241
"Lillemo";255;255;249;245
"Lilleng";345;351;349;347
"Lillestøl";341;343;341;341
"Lilletvedt";281;278;279;279
"Lillevik";590;595;603;603
"Lilleås";265;263;263;261
"Lima";604;615;624;628
"Lind";2056;2074;2083;2087
"Lindahl";474;473;466;459
"Lindal";286;289;288;296
"Lindanger";261;260;257;261
"Lindberg";1644;1648;1664;1668
"Linde";415;422;420;433
"Lindgaard";225;225;224;225
"Lindgren";811;812;813;811
"Lindhjem";316;315;320;324
"Lindholm";261;260;262;263
"Lindland";636;636;627;630
"Lindquist";270;275;275;277
"Lindqvist";230;230;230;234
"Lindseth";847;848;848;857
"Lindstad";814;818;816;813
"Lindstrøm";678;681;679;551
"Lindvik";273;270;269;270
"Lindås";255;255;253;253
"Linge";282;282;290;287
"Linnerud";680;683;685;683
"Liseth";324;323;318;315
"Liu";430;448;459;475
"Lium";362;369;374;374
"Liverød";251;245;250;248
"Ljones";203;201;.;.
"Ljosland";222;228;230;229
"Lockert";228;229;229;232
"Lode";623;615;623;630
"Loe";579;580;585;587
"Loen";214;214;214;213
"Lofthus";430;431;432;436
"Log";308;313;323;332
"Lohne";987;987;987;995
"Lokøy";253;255;257;260
"Lomeland";276;280;279;278
"Lona";209;208;207;207
"Lone";292;291;291;294
"Longva";600;601;606;613
"Lopez";265;278;285;297
"Lorentsen";980;972;976;976
"Lorentzen";2821;2827;2842;2848
"Lossius";361;364;365;368
"Lothe";906;897;898;893
"Lu";232;245;232;226
"Ludvigsen";2723;2699;2682;2683
"Ludviksen";272;268;272;272
"Lund";11165;11118;11086;11052
"Lundal";270;269;273;273
"Lundberg";1325;1333;1328;1334
"Lundby";607;609;612;615
"Lunde";6914;6889;6860;6862
"Lundeby";233;233;237;240
"Lundekvam";227;229;227;225
"Lundemo";385;383;384;388
"Lunden";667;662;666;652
"Lunder";453;456;452;453
"Lundestad";207;202;204;203
"Lundgren";410;414;421;423
"Lundgård";220;220;221;220
"Lundh";224;222;220;220
"Lundquist";256;257;254;255
"Lura";352;355;357;368
"Lyche";.;206;208;215
"Lydersen";318;315;317;314
"Lygre";430;431;427;428
"Lyng";619;620;624;630
"Lyngmo";288;283;283;280
"Lyngstad";1130;1119;1120;1116
"Lyngvær";319;320;322;323
"Lynum";247;248;245;244
"Lysaker";397;394;403;402
"Lyse";312;313;311;314
"Lysen";202;201;201;.
"Lysgård";267;267;259;258
"Lyshaug";237;238;239;236
"Lysne";203;205;205;211
"Lyssand";319;322;322;323
"Lystad";991;995;990;986
"Lysø";361;361;360;359
"Lægreid";457;450;457;463
"Lærum";292;297;298;295
"Løberg";752;749;747;745
"Løchen";234;236;236;230
"Lødemel";231;230;229;229
"Løge";231;234;237;239
"Løken";2375;2363;2373;2355
"Løkke";537;533;529;530
"Løkkeberg";252;250;248;244
"Løkken";2046;2043;2049;2039
"Løkås";374;372;373;377
"Løland";1174;1176;1186;1185
"Lønning";591;588;590;590
"Løset";229;226;222;217
"Løseth";786;788;790;789
"Løtveit";244;243;245;241
"Løvaas";645;645;647;644
"Løvberg";212;209;209;210
"Løvdal";778;773;775;771
"Løver";330;324;322;309
"Løvik";884;887;889;889
"Løvland";331;336;337;341
"Løvli";449;452;450;451
"Løvlie";263;263;260;258
"Løvlien";282;276;280;278
"Løvold";511;509;506;510
"Løvoll";229;230;232;233
"Løvseth";537;533;529;531
"Løvstad";616;622;615;624
"Løvås";913;911;904;904
"Løyning";396;399;403;401
"Låstad";238;237;233;232
"Madland";385;396;402;401
"Madsen";3808;3803;3796;3802
"Magerøy";228;231;233;244
"Magnus";361;360;364;371
"Magnussen";3452;3422;3403;3380
"Magnusson";383;379;382;374
"Mahamed";631;634;635;628
"Mahammed";202;200;201;.
"Mahamud";386;392;395;408
"Mahmood";781;796;799;809
"Mahmoud";406;423;443;463
"Mahmud";.;.;.;208
"Majid";.;205;208;214
"Malde";227;228;229;229
"Malik";949;982;1002;1046
"Malin";.;.;.;200
"Malm";332;335;332;338
"Malme";.;202;204;204
"Malmedal";236;234;235;234
"Malmin";502;509;511;516
"Malmo";400;399;401;401
"Malvik";298;295;293;290
"Mandal";286;287;291;292
"Mandelid";225;224;222;222
"Mannes";341;343;338;340
"Marcussen";596;596;597;599
"Mardal";205;210;215;214
"Marken";371;365;366;372
"Markhus";535;531;534;541
"Markussen";2009;2002;1988;1979
"Marstein";258;258;262;256
"Martens";271;271;279;287
"Marthinsen";1753;1747;1735;1721
"Marthinussen";579;574;562;566
"Martin";367;375;401;406
"Martinsen";8406;8360;8323;8305
"Martinussen";1280;1261;1262;1258
"Marvik";246;245;242;240
"Marøy";381;382;378;378
"Mathiassen";959;960;961;957
"Mathiesen";1418;1421;1395;1397
"Mathisen";7471;7411;7368;7338
"Matre";924;924;934;933
"Maudal";243;240;242;242
"Maurstad";269;269;268;266
"Mauseth";410;409;410;405
"Mazur";242;254;268;284
"Medhus";237;237;233;231
"Meek";276;278;285;289
"Mehari";265;280;302;328
"Mehl";233;233;235;239
"Mehlum";237;235;228;228
"Mehmood";233;236;244;251
"Mehus";385;384;387;385
"Meidell";218;221;220;221
"Meier";278;278;275;283
"Meisingset";276;280;277;283
"Meland";1695;1687;1692;1688
"Melberg";221;219;216;213
"Melby";1436;1426;1428;1426
"Melbye";624;624;628;622
"Melbø";206;209;213;207
"Melgård";249;247;245;248
"Melheim";329;331;333;331
"Melhus";717;724;729;723
"Meling";1192;1195;1205;1214
"Mellem";367;366;367;366
"Mellemstrand";250;249;247;250
"Mellingen";390;390;393;396
"Mellum";311;307;302;303
"Melsom";272;267;265;264
"Melum";251;254;250;251
"Melvold";235;234;235;236
"Mentzoni";328;332;340;351
"Merkesdal";248;250;249;249
"Meyer";1832;1846;1853;1853
"Michael";.;.;.;203
"Michaelsen";829;825;820;817
"Michalsen";380;386;388;388
"Michelsen";1239;1228;1219;1213
"Midtbø";1063;1063;1066;1063
"Midtgård";324;323;319;320
"Midthun";245;248;249;253
"Midtskogen";252;255;253;254
"Midttun";582;586;584;587
"Midttveit";200;.;.;203
"Midtun";630;632;630;625
"Mikaelsen";246;249;246;245
"Mikalsen";3459;3446;3440;3455
"Mikkelborg";305;305;310;307
"Mikkelsen";4196;4187;4183;4167
"Milde";299;298;301;292
"Miljeteig";261;263;268;271
"Miller";303;313;318;331
"Minde";445;453;453;460
"Minge";309;305;301;300
"Mir";202;205;213;223
"Mirza";301;318;323;331
"Misje";407;407;402;402
"Misund";331;335;340;350
"Mittet";350;349;355;350
"Mjelde";937;931;929;924
"Mjøen";455;452;450;445
"Mjølhus";240;244;246;249
"Mjønes";.;202;200;201
"Mjøs";516;517;522;525
"Mjåland";209;210;212;214
"Mjånes";213;211;206;210
"Mo";1593;1594;1593;1594
"Moa";225;225;227;227
"Moan";442;441;439;443
"Moberg";768;770;772;776
"Moe";6855;6811;6808;6777
"Moen";10181;10166;10122;10079
"Mogen";203;204;.;.
"Mogstad";331;329;327;331
"Mohamad";346;356;371;370
"Mohamed";3341;3462;3516;3570
"Mohammad";999;1028;1051;1068
"Mohammadi";739;760;777;795
"Mohammed";2055;2138;2149;2202
"Mohamoud";227;223;226;218
"Mohamud";852;858;878;874
"Mohn";367;358;354;356
"Moholt";270;270;270;266
"Moi";617;619;617;629
"Moksnes";280;280;280;285
"Moland";847;846;850;849
"Molde";269;268;268;267
"Molden";217;213;212;211
"Moldestad";351;353;353;356
"Moldskred";330;336;338;335
"Mollan";207;210;210;208
"Molland";400;401;403;406
"Mollestad";212;213;212;214
"Molnes";414;419;424;431
"Molstad";335;333;328;326
"Molteberg";225;225;220;214
"Moltu";237;236;237;245
"Molund";312;307;309;308
"Molvik";472;472;468;469
"Molvær";272;274;274;273
"Mong";278;281;275;277
"Monge";.;.;201;204
"Mongstad";245;244;247;249
"Monsen";2669;2664;2648;2632
"Monstad";319;319;315;311
"Moradi";249;249;249;249
"Mork";1443;1445;1444;1448
"Morken";928;926;928;944
"Morland";250;248;251;248
"Mortensen";3573;3561;3543;3529
"Moseng";270;270;270;273
"Moss";433;443;448;457
"Mossige";245;241;241;241
"Mostad";305;297;298;292
"Mostue";213;224;227;226
"Moum";310;310;312;314
"Mousa";.;.;200;213
"Muggerud";215;212;208;204
"Muhammad";226;237;252;259
"Mundal";490;491;495;499
"Munir";200;210;218;223
"Munkvold";301;299;300;300
"Munthe";239;239;240;240
"Muren";282;282;283;283
"Muri";359;365;364;362
"Muse";224;231;239;243
"Mustafa";689;730;747;762
"Mydland";638;640;642;640
"Myhr";690;701;706;709
"Myhra";396;392;387;387
"Myhre";5762;5758;5749;5748
"Myhren";801;794;793;797
"Myhrer";415;413;413;412
"Myhrvold";577;582;574;572
"Myking";388;391;388;385
"Mykland";373;369;369;377
"Myklebost";228;228;226;224
"Myklebust";4380;4379;4369;4361
"Müller";860;878;908;906
"Myran";563;557;550;550
"Myrdal";232;230;234;234
"Myre";388;388;389;384
"Myren";990;1002;1013;976
"Myrene";255;254;254;256
"Myreng";219;216;211;210
"Myrhaug";391;394;394;389
"Myrland";714;714;711;711
"Myrmel";.;200;.;.
"Myrseth";665;662;659;661
"Myrstad";372;373;375;372
"Myrvang";1923;1894;1891;1903
"Myrvold";1534;1532;1535;1536
"Myrvoll";623;627;623;617
"Mæhle";409;412;413;413
"Mæhlum";607;607;603;602
"Mæhre";211;207;205;205
"Mæland";2042;2051;2050;2044
"Mæle";237;240;239;244
"Mælen";202;.;.;.
"Møgster";329;328;332;333
"Møller";2300;2299;2292;2241
"Mørch";798;797;799;798
"Mørck";.;201;202;204
"Mørk";1399;1397;1405;1390
"Mørkved";231;232;233;235
"Mørland";210;209;212;211
"Måkestad";.;201;202;.
"Naalsund";213;210;210;211
"Naas";292;294;290;293
"Nagy";227;230;233;244
"Nakken";664;662;663;663
"Narum";265;265;266;268
"Narvestad";222;222;226;227
"Nasir";.;.;201;203
"Natland";271;271;270;261
"Natvig";275;274;272;276
"Natvik";275;274;274;274
"Natås";215;216;215;216
"Naustdal";314;315;316;315
"Nawaz";229;233;242;246
"Nazari";282;296;310;327
"Nedrebø";548;551;559;564
"Nedregård";244;246;243;244
"Nedrelid";202;.;.;.
"Negård";254;252;250;250
"Nekstad";225;230;229;230
"Nelson";213;225;225;231
"Nepstad";204;.;.;.
"Nerdal";296;294;294;297
"Nereng";204;203;203;.
"Nergaard";482;483;482;485
"Nergård";966;964;959;963
"Nerheim";269;265;266;269
"Nerhus";286;290;292;293
"Nerland";968;971;983;977
"Nerli";233;235;233;233
"Nervik";521;520;520;521
"Nes";1392;1399;1394;1391
"Nesbø";367;363;363;355
"Nese";414;418;411;409
"Neset";488;487;489;487
"Nesheim";1112;1115;1119;1122
"Nesje";501;502;505;507
"Nesland";275;277;276;274
"Ness";1829;1819;1828;1829
"Nessa";249;252;260;272
"Nesse";1842;1843;1834;1828
"Nesset";843;836;828;830
"Nesvik";292;296;286;287
"Neteland";271;279;283;286
"Netland";696;700;705;709
"Neumann";227;225;228;228
"Neverdal";279;283;279;283
"Nevland";287;287;284;289
"Ngo";561;574;576;578
"Nguyen";7084;7174;7243;7266
"Nicolaisen";1186;1183;1198;1186
"Nicolaysen";1027;1035;1031;1025
"Nielsen";6124;6086;6075;6005
"Nikolaisen";2148;2152;2136;2121
"Nilsen";33846;33585;33279;33035
"Nilssen";3377;3343;3332;3306
"Nilsson";1605;1607;1596;1610
"Nissen";215;209;211;212
"Nistad";290;287;289;288
"Njærheim";252;252;253;249
"Nodeland";222;222;226;227
"Nodland";316;316;316;320
"Nome";238;240;242;245
"Noor";362;376;386;392
"Noori";212;220;225;240
"Norberg";376;379;390;402
"Nord";510;515;514;508
"Nordahl";1462;1457;1458;1456
"Nordal";1152;1151;1156;1148
"Nordang";271;268;272;268
"Nordanger";301;305;301;301
"Nordberg";585;584;578;577
"Nordby";2513;2525;2515;2498
"Nordbø";1622;1613;1619;1627
"Nordeide";419;417;419;421
"Nordeng";453;451;452;448
"Nordengen";507;502;498;491
"Norderhaug";221;223;229;231
"Nordgaard";264;260;258;260
"Nordgård";1111;1111;1107;1103
"Nordhagen";929;925;923;919
"Nordhaug";393;393;396;398
"Nordheim";1044;1043;1041;1044
"Nordhus";485;484;489;486
"Nordland";259;260;260;264
"Nordli";1909;1894;1888;1874
"Nordlie";382;383;386;382
"Nordlien";272;267;266;263
"Nordlund";256;260;261;265
"Nordmark";273;278;274;279
"Nordmo";397;398;407;408
"Nordnes";700;700;704;713
"Nordrum";234;231;231;230
"Nordseth";544;539;537;539
"Nordskag";220;219;217;218
"Nordskog";400;396;396;395
"Nordstrand";833;818;822;836
"Nordstrøm";521;526;529;463
"Nordsveen";291;294;295;295
"Nordtveit";391;395;403;407
"Nordtømme";243;246;248;243
"Nordvik";1504;1497;1498;1496
"Nordås";562;565;574;572
"Noreng";228;227;227;229
"Norheim";1752;1749;1765;1767
"Norland";396;399;394;401
"Norli";281;280;279;276
"Norman";277;281;276;278
"Normann";1502;1506;1506;1512
"Nornes";329;328;323;322
"Norum";1084;1082;1080;1079
"Norvik";200;.;.;.
"Nowak";565;587;599;606
"Nur";370;377;379;375
"Nuur";265;271;273;272
"Nybakk";433;432;430;426
"Nybakken";280;278;276;268
"Nyberg";944;944;939;935
"Nyborg";1515;1506;1521;1517
"Nybråten";333;330;342;337
"Nybø";749;747;748;759
"Nydal";429;433;436;440
"Nygaard";3291;3279;3277;3270
"Nygard";207;208;208;211
"Nygren";228;226;232;239
"Nygård";6829;6806;6817;6785
"Nyhagen";391;382;381;381
"Nyheim";1174;1171;1174;1183
"Nyhus";1489;1485;1471;1463
"Nyhuus";213;214;213;212
"Nyland";1142;1136;1130;1137
"Nylund";817;817;818;815
"Nymark";316;317;319;317
"Nymo";560;558;571;571
"Nymoen";1274;1273;1277;1277
"Nyquist";296;297;301;304
"Nyrud";327;321;317;315
"Nyseth";242;238;242;238
"Nystad";917;920;929;927
"Nysted";280;282;287;289
"Nystrand";214;215;219;213
"Nystrøm";331;328;334;282
"Nystuen";532;531;532;531
"Nysveen";314;317;314;318
"Nysæter";380;382;377;375
"Nysæther";290;287;281;280
"Nyvold";207;207;207;209
"Nyvoll";425;431;436;442
"Nærland";483;488;490;490
"Nærø";247;245;243;242
"Næs";222;223;225;210
"Næss";5097;5062;5051;5034
"Nævdal";356;358;351;356
"Nødland";205;211;205;213
"Nøkland";206;207;213;214
"Nøkleby";324;326;326;324
"Nørstebø";219;220;224;225
"Nøttveit";226;225;225;225
"Obrestad";230;230;232;230
"Odden";1089;1082;1077;1073
"Odland";630;632;639;641
"Oen";337;336;337;337
"Ofstad";574;575;573;572
"Oftedal";896;896;895;895
"Ohnstad";253;259;261;261
"Okkenhaug";210;210;209;211
"Oksnes";236;243;244;247
"Okstad";.;.;202;204
"Olafsen";1541;1533;1517;1502
"Olaisen";737;732;728;725
"Oland";226;232;234;232
"Olaussen";1736;1723;1721;1720
"Olavesen";349;345;349;347
"Olden";329;324;328;331
"Oldervik";203;205;209;210
"Olesen";244;249;245;246
"Oliversen";255;259;256;252
"Olsen";47961;47499;47069;46632
"Olsnes";223;222;223;222
"Olsrud";240;239;235;236
"Olsson";1283;1282;1282;1281
"Olstad";1128;1126;1131;1124
"Olsvik";388;390;384;387
"Olufsen";818;820;827;822
"Oma";394;394;400;403
"Omar";1598;1636;1674;1732
"Omdahl";218;212;212;208
"Omdal";847;845;853;853
"Omer";292;301;314;321
"Omholt";318;318;317;318
"Omland";763;756;749;752
"Ommedal";279;279;284;289
"Ommundsen";564;564;567;566
"Onarheim";424;424;426;423
"Onstad";255;255;255;253
"Opdahl";543;543;540;541
"Opdal";644;642;642;639
"Opedal";496;497;497;504
"Opgård";222;225;227;228
"Ophaug";227;227;224;218
"Opheim";1398;1400;1387;1386
"Ophus";244;250;251;255
"Opland";326;326;325;327
"Oppedal";664;660;670;657
"Oppegaard";243;243;247;246
"Oppegård";211;211;205;206
"Opsahl";1529;1529;1521;1524
"Opsal";465;466;461;459
"Opseth";228;226;223;225
"Opstad";506;510;516;514
"Orre";249;244;245;245
"Orvik";217;215;216;217
"Os";429;430;427;429
"Osa";204;204;202;.
"Ose";298;298;293;292
"Osen";533;532;535;541
"Oshaug";213;216;214;215
"Oskarsen";237;235;230;234
"Osland";553;555;543;537
"Osman";1391;1401;1423;1444
"Osmani";211;218;220;217
"Osmundsen";598;592;586;587
"Osnes";553;551;548;542
"Oterhals";245;244;243;243
"Othman";206;217;219;232
"Otnes";285;283;282;285
"Ottem";233;232;228;233
"Otterlei";539;542;545;548
"Ottersen";433;438;431;434
"Otterstad";329;330;331;321
"Ottesen";2172;2164;2161;2148
"Ottosen";418;419;417;419
"Overvik";214;205;205;202
"Overå";296;299;293;294
"Ovesen";862;859;851;848
"Owren";216;217;212;215
"Paasche";222;222;221;223
"Palm";317;325;322;325
"Parveen";265;267;267;271
"Paulsen";8289;8233;8198;8143
"Paulsrud";356;354;349;347
"Paus";252;250;252;253
"Pedersen";34450;34190;33985;33771
"Perez";201;202;204;.
"Persen";724;726;729;724
"Persson";1097;1106;1108;1104
"Petersen";2063;2066;2061;2048
"Petrovic";.;216;222;227
"Pettersen";19662;19501;19335;19176
"Petterson";583;570;566;572
"Pettersson";569;579;587;592
"Pham";1323;1338;1353;1366
"Phan";537;551;556;563
"Pihl";237;237;238;236
"Pilskog";249;247;247;241
"Pladsen";211;212;212;209
"Plassen";294;294;291;289
"Pleym";211;211;219;225
"Polden";202;208;207;208
"Pollestad";384;382;382;379
"Poulsen";443;453;458;462
"Prestegård";312;310;314;315
"Presthus";254;248;248;245
"Prytz";399;405;403;405
"Qureshi";212;221;226;229
"Qvale";211;214;213;216
"Raa";258;260;255;259
"Raaen";459;454;455;456
"Raastad";304;308;305;301
"Rabben";682;683;682;693
"Rafoss";279;279;279;280
"Rage";205;206;209;210
"Rahimi";410;425;434;451
"Rahman";268;276;280;299
"Rahmani";.;.;.;202
"Raja";389;395;418;427
"Raknes";538;537;536;541
"Rakvåg";219;224;226;225
"Ramadani";222;231;240;243
"Ramberg";1117;1116;1112;1108
"Ramfjord";208;206;211;211
"Ramsdal";270;270;269;272
"Ramsland";351;354;353;352
"Ramstad";1389;1398;1397;1403
"Ramsvik";363;364;368;364
"Ramsøy";204;.;.;.
"Rana";328;335;330;337
"Randen";616;607;610;612
"Ranheim";365;368;370;372
"Ranum";258;254;253;248
"Rasch";512;510;511;513
"Rashid";593;603;623;630
"Rasmussen";7127;7113;7068;7022
"Ravn";344;356;360;376
"Ravndal";819;822;826;823
"Ravnås";256;260;262;263
"Raza";266;279;288;306
"Ree";659;666;677;681
"Reed";347;345;348;352
"Refsdal";306;305;305;298
"Refseth";232;232;229;229
"Refsland";237;240;237;235
"Refsnes";676;681;684;687
"Refvik";361;362;364;360
"Rege";201;204;201;200
"Rehman";289;291;299;312
"Reiersen";990;996;989;983
"Reigstad";527;526;529;535
"Reime";493;498;506;502
"Rein";361;370;367;369
"Reinertsen";869;863;869;869
"Reinholdtsen";384;389;387;393
"Reistad";636;626;635;630
"Reitan";1724;1727;1729;1717
"Reite";438;439;440;443
"Reiten";591;596;589;593
"Rekdal";635;636;642;641
"Rekkedal";229;231;230;233
"Rekstad";296;298;296;298
"Reksten";306;306;301;308
"Remen";201;201;200;200
"Remme";557;554;556;557
"Remmen";238;237;237;236
"Remøy";434;429;438;440
"Reppe";364;364;365;363
"Reppen";358;366;364;367
"Repstad";286;283;279;283
"Resell";215;215;213;213
"Ressem";203;207;207;209
"Revheim";498;499;494;493
"Reyes";283;289;293;300
"Rezai";256;271;273;287
"Rian";498;498;497;497
"Riaz";203;209;215;221
"Ribe";445;449;450;446
"Richardsen";712;712;719;733
"Richter";.;.;204;206
"Riis";755;757;761;753
"Riise";1678;1682;1688;1691
"Riiser";277;278;279;281
"Rikardsen";220;219;215;211
"Rikstad";239;241;241;243
"Rimstad";248;245;245;245
"Rindal";510;507;511;515
"Rinde";393;396;395;390
"Rinden";207;207;206;208
"Ring";302;296;302;305
"Ringdal";677;673;675;664
"Ringen";678;686;681;671
"Ringheim";280;281;279;281
"Ringnes";285;289;288;286
"Ringstad";1472;1465;1467;1471
"Ringvold";295;290;288;293
"Risa";744;739;744;745
"Risan";528;527;527;527
"Risberg";284;282;279;275
"Risdal";351;355;354;352
"Rise";706;711;719;720
"Riseth";201;200;201;200
"Rishaug";282;288;286;286
"Risnes";695;708;712;717
"Rist";275;280;280;287
"Risvik";374;376;379;373
"Risøy";233;231;232;243
"Roald";652;652;658;660
"Robberstad";220;224;224;222
"Roberg";204;209;211;210
"Roberts";.;.;.;203
"Robertsen";1302;1296;1299;1298
"Robstad";294;295;295;293
"Rodal";222;223;222;219
"Rodriguez";202;208;215;225
"Roen";253;253;253;259
"Rognan";223;223;221;217
"Rogne";1167;1161;1168;1161
"Rognerud";376;373;377;379
"Rognes";277;274;271;266
"Rognli";291;289;287;287
"Rognlien";384;387;386;389
"Rognmo";310;313;310;312
"Rognstad";624;614;614;616
"Rogstad";618;617;624;627
"Rohde";213;214;219;215
"Rokne";204;204;205;207
"Rokstad";356;360;364;363
"Roksvåg";295;296;294;296
"Roland";746;740;732;733
"Rolfsen";416;408;405;401
"Rolfsnes";203;204;204;205
"Rolland";616;619;623;620
"Rolstad";396;399;395;392
"Rom";201;201;.;.
"Romsdal";213;211;213;215
"Rong";459;457;454;455
"Rongved";237;236;234;233
"Roos";325;325;328;334
"Rosenberg";466;466;474;481
"Rosenlund";500;506;509;507
"Rosenvinge";308;309;317;319
"Rosland";740;743;744;734
"Rosnes";387;383;386;389
"Ross";246;255;259;273
"Rossebø";246;248;250;249
"Rosseland";668;675;670;672
"Rossland";221;218;220;226
"Rostad";824;835;830;836
"Rosvold";527;527;520;520
"Rosvoll";205;203;208;209
"Rotevatn";.;200;202;202
"Roth";323;320;320;327
"Rovik";261;261;263;264
"Rud";365;362;359;356
"Rudi";595;589;587;581
"Rudolfsen";211;211;208;209
"Rue";247;245;245;244
"Rugland";366;361;361;369
"Rui";370;368;367;374
"Runde";272;276;280;283
"Rustad";1551;1551;1549;1542
"Rustand";261;263;260;258
"Rusten";911;905;904;902
"Ruud";4592;4571;4551;4539
"Ryan";331;331;327;332
"Rydland";560;558;568;563
"Rydningen";473;472;467;477
"Rye";666;672;674;685
"Ryen";909;910;906;900
"Ryeng";275;273;272;269
"Rygg";816;820;816;825
"Rygh";938;941;939;935
"Rykkje";222;221;228;230
"Ryland";322;317;313;316
"Rynning";216;220;222;217
"Rystad";260;261;258;260
"Ræstad";219;217;215;219
"Røberg";388;386;387;385
"Rød";1473;1465;1470;1473
"Rødal";451;452;450;445
"Rødland";679;685;680;683
"Rødsand";.;.;204;204
"Rødseth";425;429;430;430
"Rødsjø";312;314;315;326
"Røe";807;802;798;796
"Røed";1886;1875;1876;1865
"Røen";527;531;538;538
"Røgeberg";251;251;254;253
"Røhne";229;230;227;220
"Røine";307;307;307;310
"Røise";267;265;262;264
"Røisland";226;223;223;223
"Røkenes";265;266;265;260
"Røkke";470;467;466;460
"Rømo";269;271;267;265
"Røneid";202;203;203;205
"Rønhovde";206;208;206;204
"Rønne";270;271;271;270
"Rønneberg";680;676;676;676
"Rønnestad";303;301;297;297
"Rønning";5253;5224;5182;5169
"Rønningen";2690;2675;2677;2672
"Røren";501;503;497;498
"Rørstad";241;242;244;242
"Rørtveit";259;261;262;261
"Rørvik";1277;1269;1266;1261
"Røsand";405;403;400;399
"Røssland";411;413;413;415
"Røst";268;267;268;268
"Røstad";867;863;865;863
"Røste";509;510;504;503
"Røsten";210;205;205;208
"Røsvik";305;316;321;320
"Røv";222;222;218;218
"Røvik";413;411;409;408
"Røyland";242;243;244;243
"Røyrvik";236;239;238;235
"Røyset";335;328;330;328
"Røysland";275;278;274;268
"Rånes";271;267;267;272
Røvik";413;411;409;408
"Røyland";242;243;244;243
"Røyrvik";236;239;238;235
"Røyset";335;328;330;328
"Røysland";275;278;274;268
"Rånes";271;267;267;272
Røyset";335;328;330;328
"Røysland";275;278;274;268
"Rånes";271;267;267;272
t";335;328;330;328
"Røysland";275;278;274;268
"Rånes";271;267;267;272
set";335;328;330;328
"Røysland";275;278;274;268
"Rånes";271;267;267;272
