"Salamonsen";370;369;376;385
"Salberg";256;250;249;248
"Salbu";217;216;216;212
"Saleem";241;246;250;264
"Saleh";609;632;645;658
"Salih";331;346;344;364
"Salim";202;207;214;219
"Salomonsen";708;704;705;711
"Salte";850;853;874;887
"Saltnes";329;329;337;335
"Salvesen";1535;1535;1539;1534
"Samdal";384;380;379;376
"Samnøy";217;215;217;215
"Samuelsen";2739;2729;2711;2703
"Sand";2502;2511;2508;2505
"Sandaker";379;379;377;378
"Sandal";907;908;908;908
"Sandanger";397;397;395;395
"Sandbakk";310;312;316;314
"Sandbakken";437;443;440;444
"Sandberg";2289;2298;2309;2292
"Sandbæk";291;284;282;284
"Sande";2258;2266;2268;2269
"Sanden";789;794;794;778
"Sander";280;281;280;275
"Sandersen";287;289;288;285
"Sandhåland";214;215;217;216
"Sandland";222;217;218;219
"Sandli";208;211;211;212
"Sandmo";538;537;534;536
"Sandnes";2731;2729;2729;2737
"Sandsmark";289;291;292;294
"Sandstad";483;481;487;491
"Sandtorv";292;295;298;304
"Sandum";360;363;365;369
"Sandve";301;297;298;304
"Sandven";518;528;532;535
"Sandvik";5243;5256;5254;5255
"Sandvold";652;649;643;645
"Sandvoll";269;272;274;273
"Sandvær";227;225;226;229
"Sandø";360;358;355;350
"Sandøy";683;685;685;692
"Sangolt";341;342;352;353
"Sanne";475;476;479;479
"Sannes";765;764;757;765
"Santos";.;.;213;208
"Sara";551;549;551;550
"Sarwar";223;224;229;235
"Saue";301;303;306;305
"Saur";327;327;323;317
"Schanche";230;234;234;240
"Schanke";222;216;218;222
"Schau";465;467;467;466
"Schei";1104;1103;1099;1098
"Scheie";262;263;259;262
"Schie";226;225;231;229
"Schjelderup";511;511;507;511
"Schjerven";222;221;220;217
"Schjetne";335;334;338;338
"Schjølberg";731;736;735;739
"Schmidt";838;857;845;857
"Schneider";209;211;215;219
"Schou";310;309;307;309
"Schrøder";640;639;634;582
"Schultz";449;460;457;463
"Schøyen";392;391;392;395
"Scott";206;218;221;225
"Seeberg";225;223;226;226
"Seglem";372;375;379;378
"Seierstad";320;327;329;341
"Seim";1188;1187;1186;1190
"Sekkingstad";222;218;219;218
"Sekse";299;296;294;294
"Seland";535;534;532;536
"Seldal";221;221;224;225
"Sele";570;572;577;581
"Seljeseth";273;276;281;284
"Selle";234;237;232;231
"Sellevold";249;243;241;241
"Sellæg";248;246;247;247
"Selmer";340;348;358;358
"Selnes";975;968;966;956
"Selstad";236;232;233;234
"Selvik";552;550;553;552
"Selvåg";290;291;303;307
"Sem";389;393;391;387
"Semb";538;540;538;539
"Seppola";255;253;252;253
"Serigstad";300;300;301;303
"Sevaldsen";236;228;230;228
"Severinsen";738;736;745;748
"Shah";553;584;593;622
"Shahzad";.;.;205;210
"Shala";339;349;355;359
"Sharif";538;545;547;556
"Sharifi";.;200;205;205
"Sharma";831;892;898;907
"Sheikh";344;355;359;368
"Sigurdsen";369;371;365;373
"Sigvartsen";321;317;313;312
"Sikveland";268;267;273;275
"Silden";292;290;285;288
"Silseth";377;378;379;379
"Silva";242;243;248;251
"Simensen";1793;1775;1756;1744
"Simonsen";5575;5558;5553;5539
"Singh";1637;1696;1755;1803
"Singstad";329;330;330;332
"Sinnes";264;266;268;270
"Sirevåg";366;372;377;381
"Sirnes";311;310;311;308
"Sivertsen";5624;5605;5577;5563
"Sjaastad";218;218;217;218
"Sjo";384;393;398;410
"Sjursen";934;930;923;918
"Sjøberg";553;556;546;479
"Sjøblom";201;200;200;.
"Sjøen";267;274;276;274
"Sjøgren";282;282;287;229
"Sjøli";410;410;415;423
"Sjølie";472;475;471;468
"Sjøstrøm";205;201;204;.
"Sjøthun";227;227;233;236
"Sjøvold";390;390;393;387
"Sjøvoll";235;234;239;236
"Sjåstad";431;430;433;435
"Sjåvik";236;234;234;236
"Skaar";1830;1831;1838;1845
"Skaare";228;229;235;235
"Skadberg";274;271;271;270
"Skage";432;430;432;432
"Skagen";636;637;645;643
"Skagestad";236;234;232;235
"Skailand";224;222;219;217
"Skansen";260;251;247;247
"Skar";1181;1186;1181;1183
"Skarbø";296;296;300;301
"Skare";796;797;802;805
"Skaret";725;719;724;720
"Skarshaug";207;206;205;202
"Skarstad";253;252;251;256
"Skarstein";468;476;480;484
"Skarsvåg";219;219;218;218
"Skau";558;557;554;551
"Skauen";304;305;304;301
"Skaug";1654;1646;1642;1645
"Skauge";532;536;531;532
"Skaugen";262;262;263;269
"Skavhaug";248;245;245;246
"Skei";394;403;406;407
"Skeide";448;454;449;448
"Skeie";1380;1391;1381;1381
"Skevik";239;245;243;241
"Skille";227;227;224;219
"Skinnes";246;245;244;246
"Skinstad";292;290;290;286
"Skistad";297;297;298;297
"Skjeggestad";214;211;208;209
"Skjelbred";608;605;612;615
"Skjelstad";402;404;405;402
"Skjelvik";245;245;245;248
"Skjerdal";206;207;206;208
"Skjerping";207;210;211;212
"Skjerve";545;541;545;548
"Skjerven";399;398;396;398
"Skjervheim";.;.;.;203
"Skjervold";253;253;251;248
"Skjetne";338;338;336;342
"Skjevik";255;250;246;243
"Skjold";634;642;635;636
"Skjolden";240;236;234;238
"Skjong";296;295;299;304
"Skjæret";297;296;292;286
"Skjærstad";244;241;240;238
"Skjærvik";324;325;326;327
"Skjæveland";1177;1179;1175;1183
"Skjølberg";233;233;236;234
"Skjønberg";233;228;229;227
"Skjønhaug";454;448;447;451
"Skjørestad";324;326;326;328
"Skog";989;982;980;987
"Skoge";300;302;305;306
"Skogen";1406;1392;1396;1392
"Skogheim";840;844;839;837
"Skogland";372;371;375;379
"Skogli";662;658;659;660
"Skoglund";2098;2099;2101;2114
"Skogly";432;434;433;434
"Skogmo";437;442;442;436
"Skogseth";372;373;380;383
"Skogsrud";236;243;245;246
"Skogstad";1204;1218;1207;1209
"Skogvold";259;260;262;263
"Skogvoll";217;220;218;221
"Skomedal";216;221;224;227
"Skorpen";460;463;466;463
"Skorstad";359;361;365;366
"Skotnes";301;301;298;291
"Skotte";243;239;233;232
"Skovly";269;270;270;270
"Skram";251;252;255;255
"Skramstad";257;252;253;253
"Skrede";606;605;608;607
"Skretteberg";255;258;260;260
"Skretting";898;895;904;917
"Skrettingland";.;.;201;202
"Skråmestø";276;273;269;270
"Skuland";211;210;217;220
"Skullerud";314;315;312;308
"Skulstad";594;594;592;593
"Skurdal";213;213;212;211
"Skutle";.;.;.;201
"Skøien";222;218;218;218
"Skålevik";244;243;239;239
"Skår";1416;1419;1410;1403
"Skårdal";242;251;257;257
"Skåre";263;262;261;264
"Skårland";226;226;227;226
"Sleire";280;280;280;279
"Sletner";290;291;296;303
"Sletta";370;370;371;372
"Slette";268;270;269;264
"Slettebø";436;431;436;442
"Slettedal";.;202;203;206
"Sletten";2073;2072;2074;2065
"Slettum";231;231;234;233
"Sletvold";519;520;524;525
"Sleveland";.;203;208;208
"Slinning";344;345;350;350
"Slyngstad";271;269;268;269
"Slåen";351;348;341;339
"Slåtten";261;263;268;273
"Smeby";405;398;398;397
"Smedsrud";640;643;647;645
"Smedstad";208;209;208;204
"Smeland";210;208;205;205
"Smestad";633;632;624;622
"Smistad";249;249;249;247
"Smith";1820;1845;1866;1891
"Smørdal";277;274;270;272
"Sneve";248;246;242;244
"Sogn";289;288;292;289
"Sola";410;411;415;414
"Solbakk";426;432;437;433
"Solbakken";2620;2609;2598;2605
"Solberg";9719;9686;9671;9664
"Solbu";214;213;213;211
"Soldal";337;341;349;349
"Solem";1913;1922;1921;1904
"Soleng";370;368;369;371
"Solevåg";242;244;247;245
"Solgård";.;.;202;200
"Solhaug";1604;1601;1600;1605
"Solheim";6878;6883;6905;6907
"Solli";2855;2861;2839;2822
"Sollid";622;620;614;609
"Sollie";1015;1009;1015;1019
"Sollien";533;534;531;523
"Solomon";229;250;267;275
"Solstad";1203;1209;1209;1214
"Solstrand";257;263;263;261
"Solsvik";506;499;506;500
"Soltvedt";558;557;557;555
"Soltveit";245;242;244;243
"Solum";929;928;935;934
"Solvang";2600;2601;2577;2582
"Solvik";463;465;468;472
"Solvoll";298;299;297;299
"Solås";553;546;554;551
"Soma";310;311;318;315
"Somby";214;218;220;220
"Sommer";512;522;519;535
"Sommerseth";496;492;499;507
"Sommerstad";372;371;372;372
"Sommervold";238;238;236;236
"Sortland";593;605;606;611
"Sparby";274;276;276;277
"Sperre";340;340;343;345
"Spilde";210;211;212;212
"Sporsheim";303;302;307;306
"Stabell";475;472;476;475
"Stadheim";301;306;309;314
"Staff";266;260;261;262
"Stalsberg";.;.;200;201
"Stamnes";496;499;505;501
"Standal";952;959;963;970
"Stang";656;657;659;659
"Stange";378;379;382;390
"Stangeland";1523;1520;1533;1520
"Starheim";229;230;230;234
"Stav";308;310;311;310
"Stava";395;397;398;399
"Stave";458;460;458;463
"Stavem";206;205;.;.
"Staven";234;232;230;234
"Stavenes";211;211;215;215
"Stavik";315;319;322;336
"Stavland";264;265;272;272
"Stavnes";254;256;257;256
"Stavrum";316;319;324;321
"Steen";3163;3168;3165;3138
"Steffensen";1443;1434;1427;1422
"Stein";420;420;418;426
"Steindal";219;217;219;223
"Steine";778;781;785;784
"Steinnes";526;521;522;527
"Steinsland";1151;1146;1151;1155
"Steinsvik";607;613;613;611
"Steiro";381;380;379;378
"Stenberg";1777;1774;1790;1777
"Stendal";312;312;312;315
"Stene";2157;2162;2150;2160
"Stenersen";1356;1356;1350;1348
"Stenerud";290;290;293;293
"Stenhaug";523;520;517;518
"Stensby";554;554;553;548
"Stensen";506;501;504;504
"Stenseth";1041;1031;1033;1032
"Stensland";1154;1145;1156;1161
"Stensrud";1982;1971;1978;1958
"Stenstad";213;216;217;220
"Stensvold";314;314;313;317
"Stenvik";272;274;274;275
"Stephansen";225;225;227;227
"Stiansen";516;516;514;515
"Stien";652;655;663;666
"Stigen";391;389;390;383
"Stjern";303;304;302;301
"Stokka";786;788;791;800
"Stokkan";261;258;256;255
"Stokke";2467;2466;2462;2469
"Stokkeland";744;742;741;747
"Stokken";228;232;231;229
"Stokkenes";211;216;217;219
"Stokland";266;266;267;261
"Stokstad";250;253;257;257
"Storaker";202;200;202;201
"Stordahl";266;264;265;269
"Stordal";389;387;391;393
"Storebø";401;406;410;413
"Storeide";231;232;233;236
"Storesund";434;429;435;439
"Storhaug";910;907;913;911
"Storheim";260;264;267;267
"Storli";814;809;800;802
"Storm";370;379;388;393
"Stormark";226;227;226;227
"Stormo";752;757;757;753
"Stormoen";261;257;261;260
"Stornes";438;442;429;435
"Storsve";209;210;215;220
"Storsveen";644;641;643;637
"Storvik";950;957;953;961
"Storøy";403;399;398;398
"Storås";302;304;304;304
"Strand";9852;9819;9806;9815
"Strandberg";237;239;241;238
"Strande";525;518;522;521
"Stranden";536;541;538;529
"Strandheim";263;264;268;267
"Straume";883;880;883;890
"Stray";365;369;375;373
"Strøm";4439;4401;4387;4345
"Strømberg";365;361;361;322
"Strømland";.;.;.;203
"Strømme";1233;1231;1223;1223
"Strømmen";1213;1210;1211;1206
"Strømnes";356;351;352;350
"Strømsnes";814;803;803;798
"Strømstad";398;394;393;388
"Strømsvåg";216;211;212;216
"Stubberud";789;781;771;765
"Stuen";202;201;.;.
"Sture";338;339;336;343
"Styve";275;275;274;274
"Støa";323;325;319;319
"Støen";429;430;429;427
"Stølan";395;391;384;372
"Støle";623;630;630;631
"Stølen";905;912;919;917
"Størdal";245;239;242;242
"Størkersen";233;232;234;236
"Størksen";227;230;232;232
"Størseth";524;515;517;509
"Støylen";340;344;348;350
"Stålesen";273;271;271;271
"Suhr";232;225;221;221
"Suleiman";217;228;238;248
"Sulen";202;204;208;207
"Sumstad";207;203;201;.
"Sund";1762;1757;1749;1743
"Sundal";950;949;953;948
"Sundberg";469;469;469;470
"Sundby";1308;1293;1272;1267
"Sunde";3666;3649;3652;3654
"Sundet";684;686;686;689
"Sundfær";210;209;211;209
"Sundgot";224;224;221;223
"Sundland";.;.;202;204
"Sundli";287;290;285;289
"Sundnes";285;285;284;286
"Sundseth";276;275;280;278
"Sundstrøm";242;241;243;.
"Sundt";771;765;758;758
"Surdal";205;205;210;207
"Svanberg";251;250;244;248
"Svanes";284;286;280;284
"Svanevik";213;215;216;215
"Svardal";328;321;325;320
"Svarstad";602;607;599;602
"Sveberg";206;206;203;204
"Svee";216;214;213;213
"Sveen";2684;2674;2647;2659
"Svela";362;361;366;364
"Svellingen";204;207;206;205
"Svendsen";9733;9654;9594;9540
"Svendsrud";299;300;298;296
"Svenkerud";246;245;245;244
"Svenning";484;489;487;483
"Svenningsen";420;419;421;418
"Svensen";1007;995;987;970
"Svensli";310;310;314;316
"Svensson";1086;1077;1066;1068
"Sverdrup";359;368;383;399
"Sveum";621;626;627;630
"Sviggum";215;217;217;218
"Svihus";217;220;223;227
"Sviland";234;239;238;238
"Svindland";331;333;341;348
"Svingen";357;355;353;348
"Sværen";251;250;251;252
"Syed";237;243;251;260
"Sylta";243;243;245;245
"Sylte";637;634;628;628
"Synnes";307;310;314;315
"Synnevåg";201;203;206;207
"Syrstad";430;427;433;439
"Systad";236;235;236;236
"Syversen";2416;2414;2393;2377
"Syvertsen";1845;1824;1809;1795
"Sæbø";1175;1177;1176;1176
"Sæland";214;218;214;211
"Sæle";804;810;812;819
"Sælen";233;230;233;235
"Sæter";1025;1028;1034;1032
"Sæterbø";273;276;277;277
"Sæterdal";296;303;302;302
"Sætermo";220;218;221;222
"Sæternes";276;280;282;278
"Sæther";5856;5817;5784;5749
"Sæthre";889;892;897;903
"Sætra";229;220;219;218
"Sætran";288;283;285;282
"Sætre";3085;3088;3116;3114
"Sætren";253;256;257;259
"Sævareid";336;337;336;330
"Sæverud";229;229;228;234
"Sævik";531;532;536;535
"Søberg";783;785;785;786
"Søbstad";259;263;269;269
"Sødal";365;364;371;372
"Søderholm";244;242;239;221
"Søfteland";310;310;312;309
"Søgaard";272;274;280;281
"Søgård";269;272;269;270
"Søiland";291;293;302;298
"Sølvberg";388;388;385;381
"Sømme";432;435;432;428
"Sønderland";208;209;206;208
"Sønsteby";382;386;387;388
"Sønstebø";206;207;205;.
"Sønsterud";252;245;242;246
"Sørby";543;532;537;534
"Sørbø";624;632;631;620
"Sørdal";503;500;495;501
"Søreide";679;681;680;681
"Søreng";656;649;647;638
"Sørensen";10598;10534;10465;10382
"Sørgård";617;627;628;629
"Sørhaug";398;395;395;392
"Sørheim";987;988;984;981
"Sørhus";320;321;317;317
"Sørland";276;274;273;274
"Sørli";1458;1457;1465;1468
"Sørlie";2373;2371;2356;2335
"Sørmo";260;263;263;259
"Sørnes";372;372;375;376
"Sørum";1419;1416;1414;1409
"Sørvik";619;618;619;615
"Søvik";1185;1185;1174;1171
"Søyland";784;782;785;784
"Tafjord";449;451;454;457
"Tahir";305;308;306;327
"Takle";267;265;263;268
"Taksdal";269;268;270;270
"Takvam";241;244;244;247
"Talberg";209;205;205;207
"Tallaksen";362;355;359;365
"Tandberg";1034;1037;1034;1039
"Tande";339;337;334;331
"Tandstad";210;211;205;202
"Tang";231;236;232;230
"Tangen";4352;4352;4357;4355
"Tangstad";381;381;381;387
"Taraldsen";526;519;519;517
"Taranger";269;270;269;271
"Tariq";206;202;210;221
"Taule";457;450;452;453
"Taylor";249;254;261;262
"Teien";326;321;321;318
"Teig";215;210;210;206
"Teige";482;488;481;480
"Teigen";2229;2225;2218;2217
"Teigland";703;705;704;706
"Tekle";438;454;477;504
"Telle";473;468;466;463
"Tellefsen";834;835;831;839
"Tengesdal";519;519;520;514
"Tennfjord";.;.;200;201
"Tenold";212;211;210;209
"Terjesen";563;552;551;550
"Tesdal";240;238;241;238
"Tesfamariam";.;207;214;220
"Tesfamichael";.;.;.;200
"Tesfay";419;432;447;471
"Tessem";243;240;235;232
"Tetlie";285;283;287;285
"Tewelde";325;340;360;378
"Tharaldsen";522;526;528;526
"Theodorsen";454;460;463;462
"Thingstad";200;.;.;.
"Thoen";247;251;251;251
"Thomas";400;410;418;435
"Thomassen";5626;5611;5613;5610
"Thommesen";304;307;307;302
"Thompson";351;355;358;365
"Thomsen";1098;1097;1099;1096
"Thon";571;573;563;563
"Thorbjørnsen";1456;1445;1439;1449
"Thoresen";3509;3492;3492;3468
"Thorgersen";233;230;227;226
"Thorkildsen";1120;1117;1111;1100
"Thorsen";4854;4827;4811;4799
"Thorshaug";230;228;226;228
"Thorsrud";369;370;369;363
"Thorstensen";1494;1476;1472;1467
"Thorsø";230;234;238;243
"Thorud";276;272;272;270
"Thorvaldsen";1528;1531;1528;1524
"Thrane";265;257;262;264
"Throndsen";227;226;228;228
"Thu";458;460;455;454
"Thue";570;575;573;572
"Thuen";229;233;232;232
"Thune";617;614;617;617
"Thunes";294;289;289;289
"Thygesen";291;290;291;297
"Thøgersen";356;364;371;371
"Tidemann";301;300;297;299
"Tiller";537;539;540;542
"Titlestad";203;201;200;.
"Tjelle";248;248;247;251
"Tjelta";559;557;552;554
"Tjemsland";328;329;330;331
"Tjessem";285;281;281;281
"Tjore";202;202;201;201
"Tjørhom";209;212;211;211
"Tjøstheim";372;384;385;379
"Tjøsvoll";257;257;257;260
"Tjøtta";.;.;200;201
"Tobiassen";1213;1208;1205;1205
"Todal";243;243;248;251
"Todnem";260;262;263;266
"Toft";928;930;932;929
"Tofte";556;559;560;559
"Tokerud";229;226;225;232
"Tokle";250;253;253;259
"Tollefsen";2267;2255;2252;2245
"Tolo";204;207;207;209
"Tomren";440;440;436;432
"Tomter";357;355;354;353
"Tonheim";303;305;304;309
"Tonning";428;425;429;432
"Tonstad";.;.;201;202
"Torbergsen";321;324;327;326
"Torbjørnsen";369;370;371;368
"Toresen";224;225;223;223
"Torgersen";3552;3549;3548;3530
"Torheim";340;335;337;334
"Torjussen";421;417;415;420
"Torkelsen";506;507;502;501
"Torkildsen";716;707;711;706
"Torland";274;272;278;277
"Tornes";333;336;337;340
"Torp";2178;2193;2183;2189
"Torset";323;328;330;326
"Torsteinsen";.;.;.;204
"Torstensen";401;403;409;407
"Torsvik";1000;1010;1014;1030
"Torvik";641;633;638;636
"Torvund";415;416;412;417
"Totland";970;970;970;973
"Toverud";203;203;200;.
"Tran";3060;3096;3130;3151
"Trana";252;257;254;250
"Trengereid";281;278;275;273
"Trinh";206;210;213;217
"Trondsen";958;951;954;954
"Trones";421;420;418;425
"Tronrud";254;251;252;252
"Tronstad";845;842;835;835
"Trulsen";279;277;278;278
"Truong";450;450;456;455
"Trydal";288;289;286;292
"Tryggestad";201;201;.;.
"Træet";248;246;244;245
"Trøan";349;347;347;346
"Trøen";468;466;461;460
"Trønnes";305;300;296;291
"Tsegay";244;261;272;295
"Tuft";200;201;201;201
"Tufte";544;543;546;546
"Tufteland";208;209;206;205
"Tungland";265;267;271;278
"Tunheim";396;404;401;405
"Turøy";446;446;448;450
"Tvedt";1915;1904;1903;1908
"Tvedten";207;203;.;205
"Tveit";4021;4008;4023;4027
"Tveita";361;360;357;359
"Tveitan";364;359;360;358
"Tveite";289;288;288;282
"Tveiten";1188;1178;1178;1172
"Tveito";478;475;481;481
"Tvenge";205;203;.;.
"Tverberg";234;236;236;233
"Tverå";204;.;.;200
"Tvete";326;321;322;325
"Tveten";461;453;452;447
"Tveter";738;736;731;730
"Tyldum";232;231;232;229
"Tysnes";263;264;262;259
"Tysse";446;454;450;450
"Tøllefsen";322;320;318;315
"Tømmervik";201;200;200;200
"Tømmerås";410;409;414;416
"Tømte";349;346;348;345
"Tøndel";302;302;300;297
"Tønder";311;312;313;313
"Tønnesen";982;982;979;968
"Tønnessen";2034;2022;2021;2020
"Tønsberg";228;229;230;239
"Tøsse";226;226;226;225
"Ueland";1060;1068;1083;1074
"Ugelstad";201;201;203;205
"Ugland";436;439;437;444
"Ulland";223;225;222;220
"Ulleberg";276;275;270;270
"Ullestad";212;208;209;211
"Ulriksen";848;843;843;837
"Ulset";240;237;239;238
"Ulseth";380;382;378;385
"Ulstein";538;534;543;546
"Ulven";310;310;316;313
"Ulvestad";663;662;662;663
"Ulvik";247;245;242;243
"Ulvin";215;219;214;212
"Ulvund";282;280;278;277
"Underhaug";225;225;228;229
"Undheim";978;986;994;1001
"Undrum";231;227;232;234
"Unhjem";221;225;228;226
"Unneland";201;201;201;.
"Urdal";609;607;604;602
"Urke";435;437;435;445
"Ursin";229;231;231;230
"Urstad";204;203;205;208
"Usman";.;.;.;209
"Ustad";314;314;316;318
"Utgård";240;241;244;243
"Uthaug";239;239;241;237
"Utheim";356;350;343;340
"Uthus";240;239;238;235
"Utne";654;659;667;663
"Utnes";200;.;.;.
"Utsi";350;352;352;352
"Utvik";289;287;288;286
"Vaa";213;212;217;219
"Vaage";526;537;542;539
"Vabø";396;405;415;415
"Vadseth";216;215;212;214
"Vagle";437;428;427;427
"Vaksdal";223;226;228;227
"Valberg";290;287;285;287
"Valde";226;230;227;228
"Valderhaug";514;511;515;517
"Valen";812;814;813;812
"Valla";239;239;238;236
"Valland";273;271;269;269
"Valle";812;817;823;824
"Vallestad";318;317;320;325
"Valseth";274;270;273;275
"Valstad";464;460;462;464
"Valvik";304;304;302;302
"Valø";238;238;240;244
"Vang";676;678;678;673
"Vangen";1358;1359;1364;1353
"Vangsnes";436;437;435;432
"Vanvik";221;220;221;219
"Varhaug";421;427;433;437
"Vartdal";470;472;476;473
"Vassbotn";368;362;362;370
"Vassdal";238;242;247;249
"Vatland";618;628;630;623
"Vatle";278;286;286;281
"Vatn";339;337;338;340
"Vatne";1570;1561;1558;1562
"Vea";418;419;420;419
"Vedal";330;332;335;336
"Vedvik";805;809;812;828
"Vedøy";297;302;306;306
"Vedå";277;282;286;293
"Vegsund";221;224;226;230
"Veiby";228;226;227;230
"Veivåg";207;208;211;218
"Veland";564;569;570;577
"Velde";374;374;382;379
"Velle";321;320;325;327
"Venås";433;437;441;441
"Vervik";203;204;210;214
"Vestad";451;449;448;444
"Vestby";574;572;571;564
"Vestbø";405;409;412;414
"Vestli";653;656;653;653
"Vestly";261;259;260;264
"Vestnes";239;237;239;243
"Vestre";587;590;591;583
"Vestrheim";254;255;253;247
"Vestvik";381;381;383;386
"Vestøl";241;242;240;238
"Vetrhus";242;235;235;239
"Veum";349;348;350;352
"Vevang";209;209;212;214
"Vevle";257;256;253;254
"Viddal";242;245;244;250
"Vie";338;344;346;351
"Vigdal";368;371;370;380
"Vigre";391;395;398;402
"Vik";5036;5033;5005;5002
"Vika";352;350;351;356
"Vikan";799;800;800;806
"Vikane";214;214;216;215
"Vikanes";243;252;255;262
"Vike";335;337;336;337
"Viken";2231;2233;2234;2223
"Vikene";206;205;206;200
"Vikse";501;500;499;500
"Vikøren";285;284;288;288
"Vilhelmsen";203;205;206;210
"Villanger";272;278;283;287
"Vindenes";552;557;565;568
"Vinje";1166;1171;1177;1175
"Visnes";301;298;299;299
"Vist";264;264;264;269
"Viste";382;382;391;398
"Vistnes";324;323;327;330
"Vo";699;706;717;726
"Vogt";311;315;323;316
"Vold";1871;1870;1883;1879
"Volden";1322;1314;1315;1320
"Voldsund";327;330;328;327
"Voll";950;945;948;957
"Vollan";789;797;790;780
"Volle";226;221;219;222
"Vollen";298;305;308;314
"Vonheim";258;259;261;264
"Vorland";279;277;280;285
"Vu";659;663;676;690
"Værnes";398;399;401;396
"Våga";241;241;243;244
"Våge";1302;1297;1300;1297
"Vågen";963;972;978;988
"Vågenes";420;421;418;415
"Vårdal";401;403;407;412
"Waage";1621;1611;1628;1627
"Waaler";495;490;487;485
"Wagner";268;257;256;269
"Wahl";917;917;910;911
"Wahlstrøm";249;244;245;232
"Walberg";222;220;226;229
"Walde";230;232;232;227
"Walderhaug";359;363;365;370
"Walle";772;776;785;788
"Wallin";376;376;383;389
"Walseth";244;246;248;249
"Walstad";326;329;325;326
"Wang";2404;2430;2458;2455
"Wangberg";301;302;300;303
"Wangen";884;880;883;874
"Wanvik";201;200;.;201
"Warholm";235;241;244;250
"Warsame";439;443;450;458
"Wathne";734;730;726;724
"Weber";221;223;229;230
"Weberg";219;217;218;217
"Weiseth";296;295;294;288
"Welde";299;296;297;294
"Welle";227;226;224;222
"Wennberg";313;314;312;312
"Wergeland";627;638;651;662
"Werner";576;588;586;595
"Wessel";531;532;530;550
"Westad";469;469;471;471
"Westberg";253;250;248;252
"Westby";1019;1027;1024;1018
"Westbye";479;474;473;467
"Westerheim";248;249;247;248
"Westerlund";246;244;240;248
"Westgaard";619;624;614;615
"Westgård";512;512;509;506
"Westlie";292;290;289;285
"Westrum";348;339;341;343
"Wetteland";224;224;222;221
"Weum";237;238;239;237
"Wibe";253;253;251;250
"Wiborg";300;303;304;307
"Wickstrøm";243;239;238;233
"Wie";226;225;227;225
"Wien";339;334;335;340
"Wiggen";451;448;455;458
"Wiig";1276;1286;1273;1278
"Wiik";2428;2446;2436;2447
"Wik";934;933;937;925
"Wiken";270;270;273;275
"Wiker";208;204;205;206
"Wiklund";258;261;260;265
"Wikstrøm";263;264;267;215
"Wilberg";447;447;437;431
"Wilhelmsen";3188;3168;3171;3189
"Willassen";284;287;285;286
"Wille";235;236;232;235
"Williams";446;457;470;471
"Willumsen";518;525;525;531
"Wilson";504;525;532;539
"Winge";432;435;440;441
"Winger";221;215;216;210
"Winje";296;299;298;299
"Winsnes";372;369;375;377
"Winther";1177;1193;1227;1243
"Wisløff";244;241;240;241
"Wisniewski";213;224;222;227
"Wist";214;216;219;223
"Wisth";238;232;229;230
"With";343;344;341;339
"Wojcik";276;288;296;305
"Wold";3369;3358;3345;3329
"Wolden";475;478;477;478
"Woldseth";225;221;224;220
"Wolff";242;246;247;254
"Woll";347;345;348;350
"Wollan";251;250;251;251
"Wong";226;231;229;233
"Worren";296;297;297;302
"Wozniak";.;206;216;214
"Wright";267;278;281;292
"Wroldsen";291;292;289;288
"Wu";250;258;252;256
"Wulff";289;290;289;300
"Wærnes";337;328;325;322
"Wøien";214;211;209;210
"Xu";250;253;248;244
"Yang";276;285;288;293
"Yasin";.;.;203;208
"Yemane";.;.;.;209
"Yildirim";241;260;267;263
"Yildiz";292;306;313;312
"Yilmaz";288;299;303;312
"Yndestad";388;390;393;391
"Yohannes";234;243;259;278
"Young";.;.;202;212
"Yousef";211;224;224;230
"Yri";214;219;215;218
"Ytreland";297;299;304;309
"Ytterstad";233;234;241;242
"Yttervik";264;266;269;267
"Yu";.;.;202;.
"Yusuf";837;851;867;880
"Zachariassen";598;601;599;603
"Zahl";377;377;381;386
"Zakariassen";400;401;402;403
"Zhang";569;590;591;591
"Zielinski";222;233;236;233
"Zimmermann";263;267;271;282
"Ødegaard";2395;2387;2391;2375
"Ødegård";4348;4315;4318;4308
"Ødegården";313;312;312;314
"Øen";782;782;781;773
"Øglænd";306;308;313;314
"Øie";568;571;573;571
"Øien";2168;2178;2180;2200
"Øiestad";247;243;244;240
"Øiseth";229;230;230;232
"Økland";1401;1415;1418;1440
"Øksendal";217;217;217;224
"Øksnes";474;482;485;485
"Ølberg";216;214;215;220
"Ølmheim";202;207;204;205
"Ørbeck";216;214;214;212
"Øren";706;714;717;728
"Ørmen";207;205;208;208
"Østberg";372;371;381;377
"Østby";1961;1958;1944;1934
"Østbye";515;511;512;506
"Østbø";502;495;496;494
"Østebø";461;458;460;465
"Østensen";948;952;952;940
"Østenstad";213;210;210;209
"Østerbø";321;319;318;319
"Østerhus";489;498;503;512
"Østerud";250;248;250;250
"Østervold";209;209;209;208
"Østerås";313;316;313;315
"Østgaard";285;289;288;291
"Østgård";607;615;611;608
"Østhus";457;459;460;465
"Østli";630;624;618;613
"Østlie";380;375;376;380
"Østlund";209;205;210;.
"Østmo";321;316;312;308
"Østrem";951;953;952;954
"Østreng";220;221;215;214
"Østvik";360;359;354;356
"Østvold";501;505;500;494
"Øverby";983;978;968;952
"Øverbø";291;295;296;292
"Øvereng";276;272;275;276
"Øvergaard";301;300;304;299
"Øvergård";559;557;560;560
"Øverland";1549;1549;1546;1555
"Øverli";572;563;555;558
"Øverås";607;607;611;622
"Øvland";206;203;205;204
"Øvrebø";1134;1141;1135;1131
"Øvrelid";266;268;267;264
"Øvretveit";341;340;338;339
"Øvrevik";.;.;201;200
"Øvstebø";261;258;258;261
"Øvstedal";238;244;247;252
"Øvsthus";259;264;266;263
"Øwre";299;300;297;292
"Øyan";278;277;278;276
"Øye";982;976;978;972
"Øyen";1336;1325;1316;1320
"Øygard";463;462;458;462
"Øygarden";800;796;794;796
"Øynes";205;202;204;203
"Ådland";327;335;332;330
"Åkre";258;260;252;249
"Åmodt";207;200;201;.
"Ånensen";259;255;254;256
"Ånestad";247;252;254;253
"Årdal";440;442;439;434
"Årnes";278;277;288;287
"Årseth";275;271;270;266
"Årvik";287;289;288;287
"Ås";244;242;240;240
"Åsebø";223;222;225;221
"Åsen";629;626;618;621
"Åsheim";942;949;949;944
"Åsland";361;359;352;356
270;266
"Årvik";287;289;288;287
"Ås";244;242;240;240
"Åsebø";223;222;225;221
"Åsen";629;626;618;621
"Åsheim";942;949;949;944
"Åsland";361;359;352;356
"Åsen";629;626;618;621
"Åsheim";942;949;949;944
"Åsland";361;359;352;356
;221
"Åsen";629;626;618;621
"Åsheim";942;949;949;944
"Åsland";361;359;352;356
21
"Åsen";629;626;618;621
"Åsheim";942;949;949;944
"Åsland";361;359;352;356
