"Ahmad";827;932;1114;1578;1821;1947;2010;2042;2127
"Ahmed";2244;2347;2486;2614;2720;2768;2817;2826;2873
"Ahmet";306;315;316;316;323;328;348;358;360
"Aiden";.;.;.;.;.;.;202;210;219
"Ailo";210;242;273;308;345;372;410;450;496
"Aksel";3568;3839;4115;4397;4615;4873;5114;5343;5679
"Alan";625;653;693;725;753;772;780;804;818
"Albert";1330;1412;1505;1591;1681;1762;1873;1966;2100
"Alejandro";.;.;212;206;204;209;226;236;260
"Aleksandar";240;275;302;325;349;378;414;420;445
"Aleksander";6593;6747;6904;7018;7130;7201;7283;7365;7439
"Aleksandr";211;214;226;223;223;238;244;250;.
"Aleksandrs";.;.;205;208;205;.;204;212;224
"Alex";665;726;785;841;873;916;951;995;1048
"Alexander";10468;10708;10927;11141;11319;11496;11664;11820;11966
"Alexandru";.;.;211;222;230;235;257;269;386
"Alf";8206;8031;7861;7675;7529;7337;7146;7001;7173
"Alfred";1702;1789;1894;2001;2117;2252;2383;2568;2762
"Ali";3028;3139;3258;3497;3651;3766;3867;3907;4013
"Allan";620;628;629;629;625;624;627;628;624
"Alv";355;350;341;327;319;306;296;294;302
"Alvin";394;422;460;488;518;551;583;608;635
"Amanuel";.;.;223;250;264;282;286;289;292
"Amar";.;.;.;204;216;220;227;234;242
"Amer";.;.;.;.;.;203;205;208;210
"Amin";285;299;322;342;355;370;378;395;400
"Amir";803;848;889;974;1025;1075;1110;1153;1207
"Ammar";.;.;.;215;240;262;271;284;292
"Amund";2346;2395;2445;2495;2552;2593;2652;2710;2783
"Anas";212;247;275;338;381;398;411;423;444
"Anders";19703;19652;19570;19479;19422;19370;19301;19237;19217
"Andre";6367;6384;6397;6413;6435;6461;6478;6506;3183
"Andreas";20455;20621;20727;20840;20943;21030;21091;21185;21221
"Andrei";233;256;287;297;302;321;338;342;436
"Andrej";.;207;224;217;209;215;224;233;251
"Andres";336;344;350;352;351;349;354;355;322
"Andrew";580;603;623;609;614;625;648;666;689
"Andris";.;206;212;208;200;209;210;219;224
"Andrius";475;517;544;552;554;548;551;564;555
"Andrzej";1819;1877;1910;1854;1848;1817;1822;1799;1819
"Annar";263;261;260;256;250;245;236;231;225
"Ansgar";349;347;338;327;322;309;303;293;286
"Anthony";440;447;458;452;460;477;489;494;517
"Anton";1950;2030;2100;2154;2209;2255;2336;2395;2472
"Antoni";.;218;255;276;299;307;331;353;362
"Antonio";445;480;501;526;542;560;583;597;615
"Anwar";.;.;.;.;.;202;205;208;216
"Aram";.;.;.;.;.;.;200;211;226
"Are";2332;2333;2341;2341;2335;2329;2323;2316;2339
"Ari";223;230;239;242;243;250;253;263;279
"Arian";389;432;471;513;546;582;609;655;677
"Arild";10409;10339;10242;10178;10081;9990;9888;9798;9679
"Arkadiusz";593;644;673;682;675;678;695;702;713
"Arman";243;256;272;286;298;313;330;346;365
"Armin";212;223;235;253;259;267;276;285;294
"Arn";.;.;.;.;.;203;210;214;235
"Arne";25253;24665;24051;23488;22973;22408;21874;21329;21101
"Arnfinn";2784;2734;2701;2660;2617;2576;2537;2485;2441
"Arnljot";203;.;.;.;.;.;.;.;.
"Arnold";991;953;919;884;857;837;803;767;739
"Arnstein";1103;1097;1091;1085;1081;1077;1074;1066;1058
"Arnt";3241;3210;3169;3133;3117;3078;3056;3015;3211
"Arnulf";662;642;628;613;599;591;574;552;536
"Aron";1520;1658;1794;1922;2042;2167;2267;2379;2520
"Arthur";1372;1354;1331;1338;1361;1383;1400;1461;1523
"Artur";1115;1201;1251;1235;1256;1257;1289;1309;1332
"Arturas";360;388;402;388;401;406;408;415;408
"Arunas";300;331;337;335;334;334;346;351;354
"Arve";4512;4471;4426;4377;4331;4291;4241;4193;4167
"Arvid";5914;5788;5640;5491;5366;5241;5127;4997;4877
"Arvin";.;.;.;.;.;.;.;200;207
"Arvydas";.;.;.;.;200;.;.;201;.
"Aryan";.;.;201;213;228;233;257;269;287
"Asbjørn";6876;6741;6612;6474;6306;6175;6031;5881;5732
"Asgeir";1162;1162;1162;1151;1145;1140;1135;1134;1126
"Ask";884;953;1005;1075;1127;1196;1260;1328;1420
"Aslak";1283;1295;1312;1338;1363;1381;1394;1419;1445
"Asle";1859;1841;1824;1808;1794;1777;1767;1753;1744
"Asmund";255;252;249;244;234;229;223;209;205
"Atle";5717;5701;5678;5652;5640;5622;5593;5573;5558
"Audrius";261;280;283;272;282;287;294;304;310
"Audun";3883;3871;3861;3854;3849;3832;3834;3816;3807
"August";1543;1624;1690;1771;1833;1913;1961;2030;2090
"Aurimas";.;204;226;226;233;237;249;255;257
"Axel";1538;1589;1671;1726;1794;1842;1898;1953;2016
"Ayman";.;.;.;.;221;246;259;283;302
"Baard";396;395;394;392;393;393;392;388;396
"Balder";251;271;282;296;311;329;343;361;373
"Bartlomiej";327;376;415;425;446;457;475;475;476
"Bartosz";436;496;527;542;535;538;555;566;591
"Bastian";488;519;563;607;646;679;706;730;770
"Ben";492;505;514;528;535;546;554;563;642
"Bendik";1953;1973;1987;2017;2053;2078;2102;2128;2151
"Bengt";1750;1742;1720;1710;1690;1673;1663;1642;1735
"Benjamin";6434;6720;6976;7253;7479;7754;8020;8259;8510
"Benny";282;276;281;281;278;277;280;282;289
"Bent";2262;2250;2238;2212;2199;2172;2155;2147;2271
"Bernard";.;.;207;207;209;211;227;235;261
"Bernhard";719;707;705;700;693;692;696;695;699
"Bernt";3059;3025;2995;2972;2937;2898;2855;2815;2900
"Bertil";263;264;266;264;259;259;257;255;254
"Bilal";354;374;392;435;467;490;506;542;561
"Birger";3087;2998;2913;2828;2751;2665;2583;2511;2450
"Birk";1140;1215;1290;1379;1488;1578;1644;1717;1828
"Bjarne";5747;5578;5411;5220;5069;4902;4744;4574;4442
"Bjarte";2065;2059;2055;2046;2046;2042;2036;2028;2031
"Bjørge";245;245;242;236;234;234;233;233;231
"Bjørn";38840;38532;38142;37798;37438;37048;36628;36181;37192
"Bjørn-Erik";279;279;280;277;277;275;276;275;.
"Bjørnar";4927;4922;4918;4900;4877;4864;4837;4829;4813
"Bo";801;819;839;850;870;887;907;925;978
"Bogdan";396;426;457;442;452;455;464;459;505
"Boguslaw";217;224;226;224;217;205;206;206;200
"Borgar";270;272;272;271;269;268;270;269;270
"Boris";.;.;.;.;.;.;205;210;204
"Brage";2319;2465;2589;2704;2813;2911;3022;3147;3250
"Brede";962;977;980;990;999;1020;1026;1026;1033
"Brian";742;770;776;781;799;807;818;828;853
"Bror";472;481;485;492;507;510;513;516;533
"Bruno";206;227;244;252;266;281;297;313;333
"Brynjar";663;671;675;677;678;679;685;688;688
"Brynjulf";296;287;280;266;256;249;244;235;230
"Børge";1870;1869;1851;1845;1840;1834;1823;1814;1802
"Børre";1040;1030;1021;1011;1006;997;987;977;975
"Bård";3836;3824;3802;3791;3776;3752;3732;3717;3785
"Carl";3843;3865;3879;3880;3860;3856;3864;3885;4452
"Carlos";534;564;593;605;635;663;689;696;710
"Carsten";576;570;566;567;563;563;559;562;562
"Casper";1590;1711;1833;1938;2047;2138;2234;2321;2445
"Caspian";.;213;252;272;308;355;389;424;459
"Cato";2630;2617;2610;2602;2589;2584;2576;2563;2579
"Charles";661;671;664;659;654;651;670;675;685
"Charlie";.;.;.;217;243;260;282;309;333
"Chris";1427;1452;1465;1495;1503;1517;1535;1547;1805
"Christen";219;214;213;213;212;209;208;207;204
"Christer";2929;2940;2938;2933;2929;2935;2927;2917;2927
"Christian";13571;13709;13786;13861;13966;14029;14082;14154;14258
"Christoffer";4794;4842;4872;4899;4921;4920;4927;4944;4977
"Christopher";2880;2907;2941;2941;2951;2980;2999;3020;3035
"Claes";225;223;227;224;224;227;223;225;246
"Claus";538;535;528;529;526;523;522;514;523
"Colin";355;372;398;414;436;452;475;506;542
"Conrad";248;265;279;291;303;305;314;324;336
"Constantin";.;.;.;.;204;218;224;230;275
"Cornelius";270;290;318;338;360;372;390;402;418
"Cristian";257;290;297;303;304;311;327;332;414
"Dag";9646;9603;9555;9509;9459;9407;9349;9296;9744
"Dagfinn";2706;2675;2634;2591;2553;2506;2444;2407;2365
"Dainius";223;236;246;245;250;259;265;270;276
"Damian";610;686;740;758;802;817;865;897;956
"Dan";2231;2236;2237;2245;2253;2259;2251;2245;2577
"Dani";245;249;255;263;270;281;281;290;308
"Daniel";16932;17390;17753;17967;18241;18455;18726;18920;19198
"Danny";205;209;210;215;226;228;231;235;244
"Darius";537;574;599;584;599;611;627;638;666
"Dariusz";1349;1436;1492;1478;1482;1473;1484;1493;1522
"David";6014;6224;6401;6508;6641;6795;6985;7096;7283
"Dawid";577;658;714;734;760;770;831;858;946
"Dawit";.;.;204;219;230;238;241;247;254
"Deividas";.;215;237;240;243;250;272;273;285
"Dejan";.;.;.;.;.;.;203;210;209
"Denis";346;366;388;398;401;414;436;455;482
"Dennis";2285;2382;2498;2578;2668;2763;2827;2884;2950
"Didrik";1240;1271;1312;1340;1377;1409;1440;1468;1485
"Diego";.;.;.;.;.;.;202;217;232
"Dominic";.;.;.;.;.;.;.;204;214
"Dominik";370;403;442;461;485;496;531;541;567
"Donatas";271;304;312;312;318;322;328;341;339
"Dragan";.;.;.;.;.;.;205;205;213
"Eddie";227;225;226;229;228;233;235;234;235
"Edgar";1009;996;985;986;994;990;974;964;956
"Edin";270;281;292;295;305;309;316;314;324
"Edmund";590;590;584;569;567;555;547;536;533
"Edvard";2485;2576;2655;2748;2836;2934;3023;3114;3224
"Edvin";1393;1434;1503;1543;1621;1695;1773;1873;1976
"Edward";690;724;734;755;779;801;830;857;882
"Edwin";299;322;343;378;410;433;469;499;546
"Egidijus";261;287;296;294;296;303;319;321;334
"Egil";8488;8304;8129;7978;7803;7627;7465;7280;7160
"Eigil";391;391;384;381;372;365;364;360;356
"Eilert";357;354;356;351;349;351;348;340;336
"Eilif";738;732;724;718;711;710;710;703;707
"Einar";11793;11571;11395;11212;11024;10868;10704;10569;10440
"Eirik";13391;13509;13639;13714;13778;13855;13906;13955;14034
"Eivind";8381;8402;8400;8400;8395;8382;8363;8361;8369
"Eldar";593;600;608;624;639;640;640;652;657
"Eliah";.;.;.;.;.;211;226;245;264
"Elias";5661;5992;6341;6674;7023;7343;7620;7910;8235
"Elling";482;471;470;470;471;480;476;483;484
"Elliot";284;342;393;443;513;555;623;683;766
"Emanuel";251;269;297;323;345;368;371;385;418
"Emil";9226;9670;10006;10364;10734;11107;11447;11843;12326
"Emilian";403;473;538;614;688;741;788;837;898
"Emilio";.;.;201;205;220;228;247;264;283
"Emir";245;264;276;299;321;338;359;378;403
"Emmanuel";249;264;274;285;292;310;339;346;374
"Emre";250;270;292;310;331;356;382;397;418
"Emrik";336;440;557;660;766;874;968;1070;1186
"Endre";2829;2853;2866;2867;2875;2885;2892;2889;2879
"Eric";1082;1111;1136;1163;1176;1195;1224;1235;1263
"Erik";20880;20923;20941;21002;20986;21028;20974;20974;21080
"Erland";851;846;850;843;833;829;826;818;816
"Erlend";6654;6688;6710;6739;6774;6798;6816;6823;6821
"Erling";6977;6807;6648;6496;6348;6207;6059;5935;5827
"Ernst";1542;1501;1473;1443;1408;1385;1349;1322;1349
"Esben";397;398;397;402;404;408;405;404;404
"Eskil";2088;2136;2173;2221;2260;2293;2326;2359;2404
"Eskild";434;436;437;439;440;447;455;461;464
"Espen";14137;14128;14130;14138;14132;14126;14120;14115;14146
"Esten";.;200;200;202;205;205;205;209;211
"Evald";238;232;228;225;223;216;207;206;203
"Evaldas";.;.;.;.;.;203;207;210;218
"Even";6470;6621;6782;6950;7111;7266;7430;7583;7803
"Eystein";340;338;334;330;328;324;321;320;318
"Eyvind";395;399;401;394;393;393;390;385;383
"Fabian";1036;1083;1129;1157;1178;1205;1227;1243;1282
"Faisal";.;.;.;204;216;221;225;227;230
"Falk";.;.;201;215;236;251;270;303;369
"Farhad";.;.;.;208;217;218;221;218;222
"Felix";1641;1799;1981;2158;2341;2507;2684;2861;3054
"Ferdinand";470;489;524;545;565;585;610;630;658
"Fernando";.;.;.;.;.;202;212;226;233
"Filip";2844;3096;3323;3531;3744;3965;4197;4433;4683
"Fillip";359;392;444;486;524;568;612;651;700
"Finn";7014;6894;6768;6662;6552;6438;6321;6227;6381
"Flemming";324;321;316;314;314;307;309;308;311
"Florian";.;.;.;.;.;.;200;209;223
"Francis";.;.;.;200;207;221;227;231;234
"Francisco";272;293;300;312;313;319;325;333;349
"Franciszek";.;.;.;.;.;.;.;208;219
"Frank";10067;9998;9930;9848;9766;9710;9616;9530;9719
"Frans";207;210;211;212;218;228;242;247;271
"Fred";1772;1761;1743;1726;1717;1710;1712;1697;1851
"Freddy";1260;1253;1245;1234;1219;1214;1197;1189;1184
"Frederik";506;522;535;549;545;558;569;569;576
"Fredrick";303;311;313;312;314;320;318;319;323
"Fredrik";13873;13990;14085;14192;14292;14385;14463;14546;14664
"Fridtjof";437;441;433;428;424;426;425;417;413
"Frithjof";239;232;229;225;220;218;211;211;203
"Frits";267;262;259;253;243;238;228;224;232
"Fritz";536;521;502;487;471;445;436;422;433
"Frode";11257;11236;11196;11165;11125;11085;11055;11024;11009
"Gabriel";2406;2589;2761;2914;3047;3216;3361;3499;3701
"Gard";1314;1323;1339;1344;1359;1362;1369;1377;1410
"Gaute";1963;1973;1986;1997;1997;2012;2017;2027;2034
"Gediminas";.;207;215;218;221;218;216;214;222
"Geir";22440;22380;22270;22188;22103;22018;21913;21806;22323
"Georg";2261;2251;2260;2267;2289;2300;2315;2331;2394
"George";406;428;440;461;464;474;486;493;538
"Georgios";.;.;.;.;.;.;.;204;207
"Gerhard";430;425;420;407;399;387;376;369;361
"Gert";219;219;216;216;210;208;209;207;216
"Giedrius";224;235;239;245;249;253;262;267;264
"Gintaras";219;235;242;235;228;231;236;236;235
"Gisle";1229;1219;1216;1207;1200;1195;1190;1181;1180
"Gjermund";1328;1328;1326;1324;1320;1319;1313;1309;1311
"Gjert";306;305;300;298;297;293;290;288;294
"Glen";209;210;210;214;208;208;210;208;219
"Glenn";3856;3853;3848;3839;3826;3827;3818;3814;4110
"Goran";208;222;240;254;266;277;291;295;295
"Gorm";301;298;296;295;288;288;287;290;292
"Grzegorz";1607;1755;1832;1831;1843;1828;1846;1843;1882
"Gudbrand";266;262;255;253;246;240;235;235;231
"Gudmund";1055;1030;996;974;949;927;908;886;872
"Gunnar";14137;13849;13539;13202;12929;12641;12335;12042;11805
"Gunvald";382;366;352;333;322;306;288;277;270
"Gustav";1835;1907;2012;2084;2189;2310;2426;2573;2789
"Guttorm";702;692;680;677;664;653;639;633;630
"Gøran";1135;1134;1135;1132;1126;1124;1128;1129;1086
"Haakon";2497;2534;2575;2616;2665;2706;2741;2775;2831
"Haavard";203;203;203;203;202;203;202;202;203
"Hadi";.;.;.;.;.;.;204;206;222
"Haldor";335;330;326;325;325;321;313;306;310
"Halfdan";296;289;288;280;282;285;279;269;270
"Hallgeir";947;945;942;938;937;936;933;926;919
"Hallstein";302;300;295;290;289;284;279;278;277
"Hallvard";1546;1547;1544;1538;1526;1523;1525;1517;1515
"Halvard";1476;1466;1459;1446;1425;1417;1387;1370;1357
"Halvor";3034;3023;3001;3008;3017;3009;3003;2994;2986
"Hamid";311;320;327;341;352;359;369;372;378
"Hamza";474;492;528;571;619;652;675;707;746
"Hans";22523;22255;21989;21682;21398;21092;20833;20548;22356
"Hans-Petter";367;369;368;367;363;360;358;356;.
"Harald";15197;14932;14702;14468;14215;13966;13734;13468;13315
"Haris";.;.;.;.;.;203;210;211;219
"Harry";2538;2453;2391;2294;2211;2145;2076;2014;1943
"Hasan";423;436;464;512;556;592;616;620;638
"Hassan";1087;1133;1206;1282;1326;1374;1397;1413;1429
"Hauk";229;243;254;258;265;273;277;285;295
"Heine";961;991;1018;1050;1079;1104;1128;1151;1177
"Helge";12800;12640;12449;12276;12067;11888;11701;11497;11342
"Helmer";216;235;266;298;319;341;372;402;445
"Henning";5369;5359;5351;5331;5320;5296;5295;5287;5277
"Henrik";14146;14478;14742;15034;15327;15610;15936;16210;16499
"Henry";2031;2025;2048;2064;2083;2102;2152;2217;2290
"Henryk";277;282;274;271;279;272;279;274;270
"Herman";3663;3820;3966;4097;4257;4411;4585;4779;4960
"Hermann";709;710;708;707;700;696;699;700;693
"Hermod";455;441;435;428;419;409;400;392;380
"Hilmar";516;506;486;475;464;451;437;420;416
"Hjalmar";532;523;509;500;491;491;482;483;486
"Hogne";369;370;369;367;366;370;373;371;373
"Holger";339;335;339;333;325;318;313;299;298
"Hubert";206;228;248;262;273;279;290;307;327
"Hugo";1313;1346;1371;1396;1420;1452;1484;1524;1590
"Hussain";.;.;.;.;204;205;209;211;222
"Hussein";515;544;563;629;679;714;731;744;759
"Håkon";12378;12491;12598;12734;12848;12966;13083;13170;13303
"Håvar";503;504;503;502;502;500;500;500;498
"Håvard";9103;9141;9132;9149;9156;9159;9172;9204;9236
"Ian";506;519;523;538;554;568;580;598;632
"Ibrahim";1108;1184;1294;1469;1620;1703;1764;1804;1844
"Idar";1397;1377;1366;1354;1342;1327;1310;1292;1287
"Idris";.;.;.;.;205;213;232;244;254
"Igor";410;463;493;518;544;564;584;600;623
"Ilyas";.;201;219;232;254;265;277;291;300
"Imran";267;285;307;329;349;364;372;381;385
"Imre";327;353;374;389;410;430;444;461;477
"Ingar";1892;1868;1846;1819;1792;1773;1743;1720;1691
"Inge";5080;5027;4983;4938;4884;4827;4760;4693;4695
"Ingebrigt";373;368;366;356;349;347;344;340;336
"Ingmar";246;246;237;240;242;244;249;250;250
"Ingolf";592;568;547;521;501;476;464;449;434
"Ingvald";730;698;666;647;628;602;586;567;558
"Ingvar";1323;1302;1265;1245;1217;1184;1169;1148;1125
"Ingve";363;362;358;358;357;355;350;349;350
"Ireneusz";258;272;288;280;289;274;271;266;264
"Isa";.;.;.;.;210;226;249;257;268
"Isaac";261;295;329;366;377;422;451;468;500
"Isac";284;312;338;368;391;414;433;453;492
"Isak";4076;4369;4610;4844;5134;5382;5653;5897;6264
"Ismail";571;599;637;691;712;728;765;782;804
"Ivan";1500;1555;1624;1649;1681;1735;1792;1837;1884
"Ivar";9405;9264;9078;8902;8759;8640;8491;8343;8247
"Iver";2268;2392;2542;2708;2865;3029;3189;3356;3556
"Ivo";.;207;227;243;272;285;303;310;329
"Jacek";1082;1154;1199;1188;1179;1166;1190;1196;1223
"Jack";870;874;888;892;899;909;925;935;1001
"Jacob";2708;2856;3005;3118;3273;3412;3548;3694;3843
"Jahn";599;595;594;593;585;578;572;569;651
"Jakob";4940;5142;5379;5608;5827;6042;6312;6543;6798
"Jakub";852;989;1076;1126;1180;1220;1284;1306;1374
"Jamal";317;321;325;362;387;395;401;403;413
"James";716;753;768;760;774;816;864;895;937
"Jan";49690;49364;48981;48516;48094;47588;47112;46548;50114
"Jan-Erik";1090;1087;1089;1080;1064;1052;1048;1040;.
"Janis";307;333;335;327;341;352;384;399;390
"Jann";467;464;464;463;460;454;451;442;498
"Janusz";675;690;697;673;652;623;627;624;610
"Jaran";.;.;.;203;205;207;213;214;215
"Jarand";278;284;288;291;292;295;299;298;299
"Jardar";276;276;276;277;276;277;278;276;279
"Jarl";1605;1594;1593;1585;1578;1573;1559;1541;1635
"Jarle";6638;6596;6547;6501;6441;6393;6348;6284;6234
"Jaroslaw";910;971;1024;1034;1031;1021;1031;1018;1031
"Jason";206;214;225;237;240;251;263;273;294
"Jean";402;410;415;421;418;422;439;443;631
"Jens";7962;7920;7904;7900;7898;7924;7931;7988;8566
"Jeppe";256;272;296;314;329;348;373;396;419
"Jerzy";560;572;566;543;532;504;495;486;471
"Jesper";2518;2620;2733;2835;2921;3026;3124;3234;3322
"Jim";1570;1570;1567;1566;1562;1558;1555;1552;1744
"Jimmy";596;613;615;613;616;622;620;622;633
"Jo";2150;2164;2184;2193;2216;2222;2239;2246;2457
"Joachim";3744;3758;3764;3770;3778;3779;3790;3792;3802
"Joacim";375;373;374;375;373;375;374;376;373
"Joakim";6818;6873;6905;6942;6958;6970;6997;7008;7019
"Joao";.;.;.;207;204;224;229;232;245
"Joar";1359;1367;1373;1371;1375;1381;1385;1389;1402
"Joel";485;526;553;565;611;659;704;727;776
"Johan";9757;9732;9714;9698;9711;9702;9667;9679;9802
"Johann";375;390;387;397;400;401;409;416;425
"Johannes";7633;7803;7931;8033;8189;8351;8514;8699;8936
"John";19724;19558;19322;19123;18922;18688;18529;18260;19241
"Johnny";4668;4634;4592;4561;4528;4492;4454;4417;4394
"Jomar";273;271;267;267;267;265;262;262;262
"Jon";16027;15943;15845;15775;15681;15561;15449;15369;16449
"Jonah";223;251;268;292;316;337;360;377;394
"Jonas";13312;13645;13958;14268;14546;14785;14988;15226;15477
"Jonatan";879;918;946;962;990;1011;1025;1035;1044
"Jonathan";3022;3192;3342;3503;3669;3805;3963;4070;4192
"Jone";1081;1097;1114;1132;1146;1156;1169;1178;1190
"Jonn";262;256;253;248;243;234;232;225;230
"Jonny";2743;2724;2708;2682;2662;2640;2607;2581;2569
"Jorge";289;307;316;312;319;335;339;349;358
"Jose";775;823;847;864;864;887;909;927;816
"Josef";573;592;604;627;660;681;701;726;741
"Joseph";427;458;489;493;513;536;578;587;612
"Joshua";236;267;293;301;315;335;367;387;411
"Jostein";6184;6161;6112;6071;6028;5986;5939;5898;5853
"Jozef";510;518;516;507;487;468;476;474;470
"Juan";550;601;623;628;630;648;676;696;725
"Julian";2793;2965;3149;3336;3499;3638;3769;3892;4043
"Julius";481;505;520;531;537;544;551;559;570
"Justin";.;.;.;.;200;213;219;226;239
"Jøran";852;855;855;853;854;854;855;858;859
"Jørg";238;234;232;227;218;217;215;215;.
"Jørgen";10960;10990;10999;11002;10987;10984;10963;10967;10961
"Jørn";5951;5924;5904;5890;5872;5854;5825;5807;6088
"Jørund";518;516;515;518;520;516;511;508;506
"Kaare";631;601;562;530;511;481;468;437;424
"Kacper";392;439;490;521;531;544;560;580;608
"Kai";4982;4963;4939;4913;4885;4865;4827;4803;5172
"Kaj";356;357;349;343;340;338;332;330;360
"Kamal";.;.;.;204;213;219;226;223;227
"Kamil";691;766;841;905;924;941;1000;1032;1114
"Karim";231;255;264;277;286;303;317;327;338
"Karl";9006;8910;8768;8656;8527;8399;8289;8168;8973
"Karol";469;505;554;567;575;600;616;635;678
"Karolis";.;.;.;.;209;221;229;236;246
"Karstein";806;793;779;758;743;724;704;692;682
"Karsten";1831;1816;1793;1785;1773;1753;1738;1732;1718
"Kasper";2753;2955;3135;3321;3505;3696;3868;4042;4249
"Kato";277;274;272;270;268;264;266;268;268
"Kay";874;878;874;868;862;857;850;850;934
"Kazimierz";269;272;273;267;262;259;257;260;250
"Ken";1534;1540;1545;1544;1537;1538;1545;1544;1828
"Kennet";295;295;292;292;290;287;284;286;286
"Kenneth";9442;9444;9431;9420;9419;9425;9420;9405;9421
"Kenny";206;207;211;217;222;226;227;230;232
"Kent";2470;2482;2473;2469;2461;2451;2451;2435;2812
"Kestutis";297;316;326;313;314;313;322;320;324
"Ketil";2564;2550;2545;2539;2525;2516;2501;2488;2485
"Kevin";3729;3867;3971;4060;4110;4174;4242;4313;4426
"Khaled";.;209;258;363;441;475;499;515;539
"Khalid";520;534;563;602;632;650;652;655;659
"Khalil";.;.;.;.;218;236;240;242;254
"Kian";.;.;.;217;254;278;298;321;352
"Kim";8022;8035;8038;8048;8056;8043;8037;8044;9055
"Kim-Andre";336;339;338;338;336;337;335;330;.
"Kjartan";1244;1236;1232;1223;1217;1216;1211;1204;1200
"Kjell";28391;27939;27446;26993;26491;25989;25475;24991;25547
"Kjetil";10405;10400;10382;10360;10330;10302;10281;10263;10265
"Klaus";853;856;842;822;804;789;774;767;789
"Knut";25777;25444;25113;24802;24450;24120;23778;23460;24040
"Kolbjørn";1098;1061;1028;1001;971;960;935;919;890
"Konrad";1127;1181;1230;1263;1314;1345;1390;1430;1481
"Kornelius";230;248;254;273;285;309;325;344;359
"Kristen";835;813;802;776;760;745;727;709;708
"Krister";763;765;768;768;766;770;770;768;770
"Kristian";16060;16173;16251;16318;16347;16404;16435;16454;16520
"Kristoffer";9831;9927;9967;10029;10074;10101;10126;10140;10184
"Krystian";333;374;390;394;414;422;436;443;479
"Krzysztof";2590;2763;2869;2850;2860;2839;2877;2892;2947
"Kurt";3604;3568;3541;3508;3473;3434;3410;3373;3492
"Kyrre";931;936;930;927;926;922;924;919;918
"Kåre";10051;9729;9402;9102;8783;8464;8196;7900;7696
"Lars";30296;30231;30164;30012;29908;29802;29672;29570;31650
"Lars-Erik";501;501;500;495;494;493;494;493;.
"Lasse";5416;5444;5461;5465;5471;5469;5473;5484;5525
"Laurits";317;325;326;336;345;355;367;376;387
"Lauritz";354;362;370;382;392;406;423;434;450
"Lavrans";.;.;205;232;307;371;429;476;525
"Leander";1553;1707;1848;1963;2077;2190;2269;2348;2444
"Leif";13684;13394;13093;12798;12477;12200;11920;11652;11902
"Leiv";1266;1245;1204;1183;1157;1130;1104;1070;1068
"Lennart";501;504;512;508;508;510;513;512;519
"Leo";1594;1744;1900;2029;2172;2333;2495;2673;2877
"Leon";2688;2986;3237;3448;3637;3823;3995;4165;4331
"Leonard";496;533;568;604;646;674;708;732;780
"Leonardo";.;.;.;214;229;240;260;281;303
"Leszek";431;442;436;420;426;418;427;424;421
"Levi";543;605;662;726;802;886;999;1090;1198
"Liam";1662;1980;2383;2712;3008;3305;3591;3897;4282
"Liban";206;215;217;222;227;226;226;226;229
"Linas";259;280;288;285;284;288;298;300;300
"Linus";1303;1400;1488;1564;1658;1729;1794;1848;1926
"Loke";286;337;378;413;455;497;529;560;613
"Lorentz";230;232;233;236;234;237;238;239;238
"Louis";290;319;326;341;360;380;400;419;464
"Luca";266;315;362;388;437;470;530;558;646
"Lucas";2725;3016;3250;3500;3757;4013;4227;4412;4700
"Ludvig";1563;1702;1849;2002;2137;2294;2413;2556;2756
"Ludvik";919;967;1027;1087;1161;1226;1280;1349;1424
"Luis";499;530;566;581;593;619;658;683;724
"Luka";.;225;254;284;323;357;397;428;478
"Lukas";2583;2814;2994;3184;3355;3568;3789;3948;4200
"Lukasz";1426;1608;1751;1791;1844;1853;1908;1925;2018
"Lyder";.;201;216;229;242;253;261;267;282
"Maciej";769;862;950;992;1020;1021;1045;1056;1100
"Mads";4151;4199;4245;4271;4292;4317;4333;4339;4431
"Magnar";2643;2601;2575;2522;2468;2416;2377;2326;2280
"Magne";8996;8861;8724;8578;8431;8267;8122;7977;7857
"Magnus";15279;15607;15840;16090;16309;16531;16720;16950;17221
"Mahad";221;233;241;241;242;242;241;239;237
"Mahamed";342;361;367;375;375;379;381;372;364
"Mahdi";.;205;212;231;241;247;256;262;267
"Mahmoud";257;302;381;531;619;656;675;695;715
"Maksymilian";.;.;.;.;.;207;218;226;238
"Malik";.;.;.;.;.;205;217;234;253
"Malvin";512;509;504;493;489;490;490;488;497
"Mantas";313;374;414;424;434;443;452;459;477
"Manuel";294;313;331;347;359;360;373;375;391
"Marc";.;213;213;222;225;234;244;246;271
"Marcel";366;404;439;447;470;486;501;531;552
"Marcin";1875;2031;2160;2200;2235;2219;2274;2322;2417
"Marco";589;615;653;659;670;682;699;710;740
"Marcus";4972;5156;5280;5373;5482;5560;5621;5706;5779
"Marek";1640;1737;1773;1755;1744;1712;1732;1742;1768
"Marian";410;439;447;445;438;418;429;421;455
"Mario";521;561;563;563;569;579;601;615;649
"Marius";15705;15941;16113;16217;16351;16470;16584;16669;16833
"Mariusz";1460;1542;1592;1578;1613;1593;1627;1616;1669
"Mark";663;690;691;681;707;735;772;784;824
"Marko";308;331;343;371;393;428;456;475;491
"Markus";6881;7137;7375;7599;7756;7904;8017;8152;8308
"Martin";20917;21109;21282;21441;21551;21702;21814;21915;22077
"Martinius";.;.;210;220;223;232;232;234;234
"Martinus";336;342;351;361;374;376;383;387;388
"Martynas";.;.;.;205;217;221;242;238;243
"Marvin";269;272;277;278;284;289;298;302;316
"Matas";.;.;.;.;207;226;228;229;243
"Mateo";.;206;237;263;306;358;409;466;523
"Mateusz";696;793;870;940;1004;1032;1108;1158;1275
"Matheo";978;1235;1478;1735;1968;2178;2425;2641;2876
"Matheus";.;.;.;.;222;237;248;262;276
"Mathias";9926;10269;10636;10974;11241;11488;11687;11922;12171
"Mathis";237;239;242;238;240;243;243;244;249
"Matias";1185;1234;1268;1301;1339;1370;1401;1421;1464
"Mats";6693;6784;6848;6892;6928;6981;7009;7030;7241
"Matteo";.;202;230;243;275;308;336;363;393
"Matthew";312;338;353;363;375;404;438;449;464
"Matthias";264;272;280;278;280;284;294;300;309
"Mattias";438;450;459;463;474;476;486;498;507
"Mattis";663;689;719;735;759;774;798;817;846
"Max";1435;1559;1692;1813;1942;2039;2155;2247;2443
"Maximilian";325;378;397;422;448;477;507;523;552
"Mehdi";256;274;281;294;301;304;310;311;323
"Mehmet";493;493;494;505;504;508;536;546;566
"Melvin";258;280;296;308;329;355;374;404;435
"Michael";4494;4627;4717;4762;4809;4893;4938;4986;5092
"Michal";1524;1695;1809;1859;1901;1931;2010;2057;2140
"Miguel";256;278;291;298;302;317;344;355;386
"Mika";215;225;235;244;259;267;282;293;313
"Mikael";2605;2666;2717;2748;2791;2836;2884;2934;3006
"Mikail";.;.;.;.;.;.;209;220;236
"Mikal";918;917;913;909;911;911;919;913;915
"Mike";204;213;216;225;238;250;256;258;270
"Mikhail";.;.;.;.;.;.;.;.;.
"Mikkel";2802;2980;3133;3332;3504;3675;3863;4023;4227
"Mikolaj";.;.;.;.;215;236;241;246;274
"Milan";363;405;458;503;540;586;628;666;714
"Milian";.;251;305;364;413;452;497;545;592
"Milos";.;.;.;.;.;.;206;207;209
"Mindaugas";534;588;621;628;644;644;663;673;649
"Minh";273;273;272;267;266;270;277;278;285
"Mio";.;260;302;361;424;480;531;602;686
"Miroslav";205;216;221;216;217;214;212;212;210
"Miroslaw";774;805;810;803;796;777;782;773;771
"Mohamad";286;403;582;995;1285;1445;1484;1502;1584
"Mohamed";2635;2844;3053;3229;3352;3413;3502;3526;3610
"Mohammad";3766;3890;4119;4611;4890;5032;5094;5160;5298
"Mohammed";2219;2347;2478;2664;2782;2845;2900;2939;3024
"Mons";387;383;385;395;403;409;419;424;442
"Morgan";661;660;665;669;673;676;677;676;672
"Morten";22039;22036;21985;21949;21897;21860;21811;21761;21767
"Mostafa";.;202;214;253;273;287;295;298;307
"Muhammad";1375;1487;1601;1699;1834;1943;2088;2224;2406
"Muhammed";263;293;308;336;361;372;398;420;436
"Mustafa";879;922;1005;1103;1173;1211;1258;1281;1313
"Narve";289;291;290;288;290;282;282;277;278
"Natan";.;.;.;.;.;.;214;228;250
"Nataniel";.;.;.;.;.;.;203;204;207
"Nathan";.;.;200;221;254;272;296;313;339
"Nathaniel";595;662;714;755;795;843;882;907;946
"Neo";.;.;.;.;.;.;209;226;249
"Nerijus";270;308;324;324;329;344;353;353;349
"Nicholas";1135;1179;1204;1230;1270;1292;1318;1354;1380
"Nicklas";724;751;774;787;815;831;843;852;864
"Niclas";432;445;452;456;457;464;468;469;474
"Nicolai";2453;2532;2614;2704;2765;2826;2868;2926;2974
"Nicolas";685;720;768;785;817;828;867;893;907
"Nicolay";787;797;813;818;830;838;850;854;863
"Niels";633;634;619;616;618;611;612;612;648
"Niklas";1864;1927;1999;2061;2105;2164;2199;2220;2259
"Nikola";.;211;236;248;271;304;342;365;392
"Nikolai";3496;3631;3762;3876;3977;4074;4165;4267;4350
"Nikolas";382;404;434;464;483;494;524;540;564
"Nikolay";286;303;318;324;334;336;350;350;353
"Nils";13327;13198;13033;12863;12738;12582;12472;12332;12935
"Njål";610;607;609;606;609;607;606;604;605
"Noa";228;249;269;281;294;322;333;352;380
"Noah";3541;3879;4168;4520;4893;5226;5542;5936;6431
"Noel";.;.;206;233;266;313;349;384;420
"Norbert";230;246;253;251;263;263;263;268;273
"Normann";292;282;271;262;252;241;234;227;227
"Norvald";637;609;581;571;553;539;520;509;491
"Odd";21142;20729;20258;19817;19400;18988;18594;18188;18896
"Oddbjørn";2625;2597;2569;2540;2509;2477;2439;2410;2384
"Oddgeir";734;732;728;724;721;717;712;711;705
"Oddleif";230;227;223;218;214;210;205;200;.
"Oddmund";1465;1421;1377;1341;1310;1275;1236;1193;1161
"Oddvar";5103;4987;4872;4745;4641;4544;4427;4313;4214
"Oddvin";385;378;369;364;361;349;342;340;339
"Odin";2224;2408;2558;2721;2888;3039;3156;3329;3512
"Ola";9281;9274;9275;9314;9321;9341;9351;9328;9401
"Olaf";2351;2293;2245;2189;2144;2104;2054;2012;1979
"Olai";459;528;594;666;740;824;895;953;1022
"Olav";15261;15143;15067;14993;14931;14847;14799;14782;14853
"Ole";31897;31746;31540;31372;31184;30984;30830;30658;34202
"Ole-Christian";247;245;243;242;241;240;238;238;.
"Ole-Jørgen";212;211;209;208;206;204;201;202;.
"Ole-Kristian";346;344;344;343;344;343;343;341;.
"Ole-Martin";440;439;438;437;436;436;437;437;.
"Ole-Petter";236;236;236;236;236;236;237;237;.
"Oliver";5074;5434;5853;6219;6621;7033;7393;7789;8215
"Olivier";.;.;200;214;226;231;241;248;259
"Olve";434;455;464;474;491;505;516;535;551
"Omar";1122;1167;1252;1435;1551;1624;1675;1699;1753
"Omer";.;.;.;.;.;204;207;209;216
"Omid";.;.;.;.;203;203;210;215;223
"Oscar";2753;2946;3099;3269;3421;3596;3744;3860;4053
"Oskar";3827;4006;4151;4361;4564;4751;4955;5123;5356
"Osman";448;468;497;521;530;549;562;566;571
"Osvald";318;306;289;276;270;262;256;248;240
"Ottar";1860;1813;1765;1736;1690;1632;1580;1542;1501
"Otto";1919;1891;1856;1822;1791;1763;1749;1715;1736
"Ove";6143;6081;6031;5974;5908;5841;5764;5696;5724
"Paal";955;951;946;943;942;938;934;932;971
"Patrick";2863;2921;2974;3014;3039;3058;3102;3105;3158
"Patrik";705;718;740;754;754;757;768;768;790
"Patryk";409;453;491;508;530;552;580;609;679
"Paul";4803;4744;4692;4620;4552;4506;4486;4443;4604
"Paulius";235;263;268;272;285;290;294;301;305
"Pavel";236;247;269;269;269;257;267;267;280
"Pawel";1899;2112;2237;2258;2290;2299;2375;2387;2466
"Peder";3830;3842;3858;3851;3849;3858;3848;3872;3907
"Pedro";253;283;295;296;309;326;341;339;348
"Pelle";.;.;.;207;224;235;251;264;283
"Per";39476;38979;38395;37839;37309;36774;36251;35726;37623
"Per-Arne";287;283;282;280;284;283;283;278;.
"Per-Erik";217;216;212;211;210;208;205;201;.
"Peter";4626;4707;4743;4734;4744;4776;4801;4836;4897
"Petter";10213;10216;10247;10264;10265;10272;10271;10264;10290
"Philip";2355;2460;2580;2672;2786;2904;3003;3076;3172
"Phillip";621;670;709;752;787;820;849;885;923
"Pierre";.;.;.;.;.;.;201;.;229
"Piotr";2620;2832;2956;2970;3016;3000;3044;3070;3142
"Preben";2132;2140;2140;2146;2150;2140;2146;2137;2154
"Przemyslaw";618;676;722;725;724;733;749;747;788
"Pål";9254;9239;9217;9179;9154;9139;9115;9099;9439
"Radoslaw";442;481;498;498;499;508;519;529;568
"Rafael";280;300;324;346;364;377;402;434;466
"Rafal";1146;1214;1274;1296;1331;1348;1372;1374;1424
"Ragnar";4744;4652;4575;4484;4411;4332;4257;4173;4086
"Ragnvald";643;619;597;576;552;534;519;497;486
"Rainer";223;225;219;221;217;213;217;216;222
"Ralf";206;211;213;210;210;207;200;.;.
"Rami";.;.;.;.;.;.;212;219;223
"Ramunas";216;238;244;238;238;231;242;241;246
"Rasmus";1593;1638;1644;1636;1650;1651;1659;1666;1686
"Ravn";.;.;.;.;202;217;227;239;253
"Rayan";.;.;.;206;224;249;272;306;337
"Raymond";3022;3012;2998;2989;2981;2979;2970;2953;2943
"Reidar";6657;6481;6291;6119;5960;5777;5612;5425;5282
"Remi";1466;1473;1473;1474;1472;1468;1470;1481;1533
"Remy";398;404;404;400;400;394;391;390;396
"Rene";849;861;859;854;854;850;854;860;847
"Reza";262;269;278;289;298;303;311;312;319
"Ricardo";228;239;241;244;249;261;267;270;277
"Richard";3142;3147;3147;3134;3124;3128;3130;3147;3152
"Rikard";510;511;510;513;509;509;514;512;511
"Rino";344;342;341;346;347;349;348;343;350
"Roald";3243;3192;3142;3081;3016;2955;2875;2806;2745
"Roar";7096;7046;6974;6915;6856;6791;6721;6656;6581
"Robel";.;.;.;.;.;.;.;202;207
"Robert";8231;8297;8334;8310;8294;8275;8308;8300;8346
"Robertas";.;.;200;200;202;204;209;218;220
"Roberto";210;217;224;216;215;223;229;235;248
"Robin";4754;4818;4878;4916;4943;4974;5012;5033;5115
"Roger";9017;8967;8920;8873;8837;8791;8733;8685;8651
"Roland";244;249;248;246;245;239;241;241;248
"Rolandas";229;244;246;239;247;247;254;258;260
"Rolf";13950;13668;13354;13061;12776;12524;12241;11955;12029
"Rolv";591;579;560;544;527;516;497;480;479
"Roman";727;744;783;783;775;778;802;802;805
"Ronald";1070;1063;1046;1036;1030;1010;1006;997;984
"Ronnie";336;338;346;345;342;346;344;343;343
"Ronny";5761;5753;5738;5709;5695;5674;5656;5642;5661
"Roy";7641;7585;7538;7464;7403;7359;7304;7254;7626
"Ruben";3030;3067;3090;3114;3119;3150;3169;3179;3235
"Rudi";519;518;521;525;522;525;525;524;532
"Rudolf";363;358;345;336;320;311;305;301;295
"Runar";3429;3428;3427;3416;3403;3399;3381;3372;3369
"Rune";19163;19131;19063;19012;18978;18922;18855;18761;18735
"Ryan";.;207;230;237;250;277;312;331;353
"Ryszard";506;506;503;477;466;445;442;439;427
"Said";606;624;641;655;671;679;690;694;740
"Salah";.;.;.;202;204;214;219;224;236
"Saleh";.;.;.;.;.;.;.;203;200
"Salman";.;.;.;202;211;218;229;230;240
"Sam";334;355;375;408;444;475;515;547;605
"Sami";284;293;309;340;362;373;380;392;410
"Samir";398;416;442;462;479;488;503;507;520
"Samson";205;219;236;243;256;268;279;287;300
"Samuel";1682;1847;2031;2225;2390;2530;2668;2826;3025
"Sander";7843;8153;8410;8644;8866;9140;9361;9599;9864
"Saulius";344;363;370;356;353;350;350;358;368
"Scott";473;498;520;530;540;570;589;608;637
"Sean";474;491;511;514;513;524;542;558;579
"Sebastian";7953;8317;8626;8890;9135;9359;9571;9769;10027
"Selmer";.;.;.;.;.;.;208;224;235
"Severin";319;320;327;347;364;377;391;408;430
"Seyed";.;.;201;207;209;216;208;217;217
"Sigbjørn";1958;1951;1941;1931;1910;1901;1888;1878;1862
"Sigfred";261;253;249;248;241;232;225;216;214
"Sigmund";3241;3180;3098;3039;2983;2935;2882;2827;2779
"Sigurd";6928;7015;7075;7124;7181;7249;7319;7339;7417
"Sigvald";295;284;271;254;252;244;237;228;218
"Sigvart";209;209;210;212;211;210;206;203;.
"Sigve";1534;1552;1575;1597;1622;1641;1664;1678;1695
"Silas";.;.;224;255;276;308;348;408;461
"Simen";8503;8556;8597;8614;8641;8642;8651;8664;8705
"Simon";4957;5067;5176;5271;5344;5421;5502;5549;5644
"Sindre";7378;7438;7490;7543;7571;7611;7633;7646;7684
"Sivert";2578;2641;2720;2774;2817;2846;2893;2925;2985
"Sjur";1297;1302;1300;1307;1307;1304;1309;1312;1337
"Skjalg";283;283;284;280;278;277;278;277;277
"Slawomir";903;961;987;957;958;940;941;943;957
"Snorre";1627;1645;1665;1671;1680;1698;1714;1712;1721
"Solomon";.;.;.;204;211;220;223;222;230
"Sondre";8488;8643;8826;8968;9111;9221;9312;9386;9493
"Stanislaw";701;721;721;694;694;671;673;677;680
"Stefan";1950;2000;2037;2053;2077;2110;2139;2163;2228
"Steffan";204;205;206;204;204;203;200;200;200
"Steffen";3787;3792;3788;3786;3792;3793;3785;3776;3806
"Stein";9990;9938;9885;9837;9754;9669;9590;9499;10031
"Steinar";11580;11476;11357;11245;11115;10997;10870;10739;10602
"Sten";1632;1622;1615;1596;1586;1571;1556;1542;1688
"Stephan";503;507;501;499;499;501;497;497;497
"Stephen";544;558;561;559;560;574;578;579;587
"Steve";381;379;383;382;379;380;380;380;381
"Steven";553;557;557;555;560;574;592;598;609
"Stian";15314;15323;15313;15295;15321;15304;15299;15284;15330
"Stig";9504;9476;9449;9421;9387;9359;9333;9282;9748
"Storm";918;1008;1114;1235;1306;1403;1487;1604;1729
"Sture";416;415;413;407;405;401;395;393;390
"Sturla";686;688;687;686;686;686;684;681;677
"Ståle";3731;3723;3715;3699;3676;3669;3654;3634;3635
"Svein";25546;25282;25042;24763;24484;24195;23873;23547;24295
"Svein-Erik";299;297;297;295;291;287;289;287;.
"Sveinung";1740;1735;1722;1715;1704;1689;1679;1663;1657
"Sven";4131;4127;4073;4017;3978;3919;3887;3851;4234
"Svend";967;943;927;916;901;885;873;863;910
"Svenn";1186;1179;1173;1162;1145;1135;1117;1108;1237
"Sverre";8980;8881;8806;8745;8694;8657;8633;8607;8641
"Syed";443;455;458;469;497;509;527;538;571
"Sylwester";247;260;277;285;286;287;296;303;326
"Syver";568;595;628;658;690;723;749;772;811
"Sølve";485;493;502;521;526;534;546;556;562
"Szymon";365;409;444;473;498;502;519;530;558
"Søren";492;489;498;480;472;473;464;466;425
"Tadas";208;226;244;256;265;268;287;293;296
"Tadeusz";391;399;386;377;364;349;342;334;337
"Tage";648;664;678;683;697;708;717;727;740
"Tarald";309;313;315;315;315;318;318;319;322
"Tarjei";907;918;938;953;977;988;999;1015;1035
"Ted";235;239;241;243;241;244;248;250;269
"Tellef";202;207;206;214;218;221;227;230;239
"Teo";210;223;249;276;300;319;338;368;389
"Teodor";959;1037;1106;1182;1231;1298;1351;1398;1453
"Terje";21465;21322;21172;20996;20834;20660;20470;20248;20071
"Thanh";330;331;329;327;325;324;330;333;333
"Theo";1454;1647;1820;2000;2176;2349;2529;2719;2911
"Theodor";2413;2638;2902;3143;3370;3599;3839;4076;4333
"Thomas";23884;24035;24162;24180;24224;24272;24373;24391;24529
"Thor";7728;7666;7598;7533;7454;7380;7322;7245;7924
"Thoralf";204;204;.;.;.;.;.;.;.
"Thorbjørn";1514;1487;1463;1435;1405;1383;1344;1313;1297
"Thore";1330;1313;1297;1275;1264;1245;1214;1191;1181
"Thorleif";853;821;787;753;729;700;668;652;630
"Thormod";213;208;208;206;203;.;.;.;.
"Thorstein";483;479;473;468;458;453;448;446;439
"Thorvald";411;417;419;426;439;429;435;445;444
"Tim";1204;1225;1254;1274;1297;1327;1342;1365;1492
"Timian";.;.;.;.;.;.;202;205;216
"Timothy";241;249;255;247;253;259;277;282;278
"Tobias";7740;8034;8326;8629;8930;9177;9417;9675;9989
"Tom";15335;15299;15211;15183;15114;15059;14984;14923;16166
"Tom-Erik";309;308;310;310;307;307;306;304;.
"Tomas";2860;2976;3036;3050;3044;3076;3114;3120;3124
"Tomasz";2410;2603;2761;2786;2823;2793;2847;2867;2927
"Tommy";9285;9271;9270;9254;9236;9208;9190;9186;9201
"Toni";.;.;201;208;206;209;213;211;210
"Tonny";310;308;304;303;301;300;299;299;303
"Tony";1708;1726;1733;1745;1741;1747;1753;1753;1802
"Tor";21992;21856;21728;21584;21404;21227;21036;20838;22739
"Tor-Arne";250;250;252;252;252;248;246;246;.
"Tor-Erik";286;283;281;277;276;276;275;273;.
"Toralf";622;604;593;581;568;555;535;520;503
"Torben";446;454;456;467;475;480;483;490;497
"Torbjørn";7191;7123;7074;7007;6933;6870;6791;6727;6633
"Tord";1573;1595;1599;1619;1626;1636;1637;1632;1672
"Tore";16549;16431;16270;16085;15910;15743;15547;15339;15224
"Torfinn";1120;1114;1102;1092;1082;1067;1053;1028;1017
"Torgeir";3434;3416;3392;3374;3350;3337;3311;3287;3265
"Torger";472;458;449;441;433;421;418;414;403
"Torgrim";614;615;620;616;616;612;611;612;611
"Torje";455;470;476;483;487;497;502;510;514
"Torjus";887;899;922;940;953;975;990;997;1007
"Torkel";610;613;614;614;615;611;604;610;609
"Torkil";344;347;347;347;349;353;354;355;358
"Torkild";301;297;295;297;293;296;291;289;291
"Torleif";1344;1310;1273;1241;1200;1159;1127;1103;1076
"Torleiv";478;465;451;437;428;415;401;389;371
"Tormod";3055;3016;2975;2953;2924;2901;2884;2856;2824
"Torodd";242;240;237;235;232;230;228;227;223
"Torstein";4077;4055;4024;3991;3971;3937;3909;3891;3860
"Torvald";333;317;314;319;323;322;318;317;316
"Tristan";319;338;350;368;380;391;406;410;421
"Tron";532;531;534;526;524;523;519;513;529
"Trond";17360;17273;17213;17142;17068;16969;16887;16793;17182
"Troy";239;254;265;278;284;296;312;319;337
"Truls";3128;3129;3132;3134;3128;3116;3107;3104;3160
"Trygve";5518;5432;5350;5298;5215;5150;5090;5005;4955
"Trym";2852;2963;3076;3176;3249;3329;3405;3470;3561
"Tønnes";200;200;205;200;200;.;.;201;200
"Ulf";2410;2386;2356;2321;2290;2265;2227;2196;2234
"Ulrik";1878;2020;2156;2327;2496;2667;2857;3044;3263
"Usman";210;207;213;222;228;232;232;236;240
"Vaidas";209;237;251;251;263;271;276;279;284
"Valentin";.;214;228;228;235;252;261;265;290
"Van";243;247;248;249;254;257;272;277;276
"Varg";.;.;.;.;216;242;256;284;327
"Vebjørn";1648;1681;1710;1742;1779;1808;1835;1862;1885
"Vegar";1509;1514;1507;1507;1513;1513;1519;1519;1520
"Vegard";8013;8062;8115;8159;8183;8201;8224;8255;8289
"Vemund";874;907;932;963;986;1020;1050;1080;1105
"Vetle";3015;3154;3248;3350;3459;3584;3703;3821;3995
"Victor";2187;2291;2411;2493;2610;2690;2800;2884;3035
"Vidar";9416;9396;9344;9301;9250;9212;9175;9109;9062
"Viggo";1426;1411;1400;1380;1369;1364;1345;1338;1329
"Viktor";1959;2054;2157;2255;2348;2447;2521;2630;2771
"Vilhelm";218;214;218;231;239;245;250;255;253
"Viljar";763;857;926;1005;1087;1162;1217;1285;1346
"Villy";463;449;441;427;419;407;392;379;373
"Vincent";447;496;531;568;586;614;647;676;709
"Vladimir";410;431;447;462;464;475;493;504;512
"Vytautas";315;347;353;339;331;335;340;343;361
"Waldemar";554;574;595;592;589;582;584;589;592
"Walid";.;.;.;221;232;242;253;258;262
"Walter";572;576;580;579;582;585;592;591;596
"Werner";709;700;691;684;670;661;655;652;648
"Widar";205;205;205;205;205;204;200;202;.
"Wieslaw";415;442;446;432;425;417;418;419;408
"Wiggo";435;431;431;429;425;423;421;416;412
"Wiktor";249;275;301;317;331;339;353;366;385
"Wilhelm";815;831;847;884;912;942;968;987;1019
"William";6018;6458;6930;7422;7814;8119;8470;8815;9202
"Willy";2901;2825;2763;2694;2616;2554;2476;2402;2347
"Wilmer";.;.;.;.;.;.;.;223;248
"Wojciech";987;1087;1135;1140;1138;1139;1167;1183;1216
"X";210;237;260;230;206;.;.;.;.
"Yahya";.;.;.;.;209;211;217;219;226
"Yasin";258;282;297;331;347;356;355;364;371
"Yngvar";905;896;877;866;847;839;820;799;781
"Yngve";2317;2304;2299;2292;2280;2275;2267;2257;2251
"Yonas";205;252;300;324;350;362;366;368;376
"Yosef";.;.;.;.;.;200;211;224;238
"Yousef";213;236;274;339;382;421;445;462;485
"Youssef";.;.;.;.;231;251;257;265;284
"Yusuf";412;440;468;496;524;568;590;618;637
"Zakaria";.;203;234;275;306;322;338;354;363
"Zbigniew";930;949;957;923;920;902;913;916;919
"Zdzislaw";.;204;201;.;.;.;.;.;.
"Zoran";.;.;.;.;.;.;.;202;201
"Øistein";1044;1030;1009;995;984;973;965;943;933
"Øivind";3922;3865;3811;3760;3700;3634;3572;3499;3440
"Ørjan";3608;3607;3612;3613;3605;3603;3603;3603;3607
"Ørnulf";398;387;380;373;369;360;355;342;336
"Øystein";11181;11119;11059;10993;10937;10894;10843;10783;10729
"Øyvind";14148;14111;14049;14020;13957;13921;13857;13801;13765
"Ådne";1005;1011;1014;1031;1039;1044;1050;1061;1078
"Åge";4227;4163;4100;4021;3956;3872;3797;3734;3681
"Åsmund";2053;2049;2047;2045;2050;2053;2052;2060;2065
14049;14020;13957;13921;13857;13801;13765
"Ådne";1005;1011;1014;1031;1039;1044;1050;1061;1078
"Åge";4227;4163;4100;4021;3956;3872;3797;3734;3681
"Åsmund";2053;2049;2047;2045;2050;2053;2052;2060;2065
1;1014;1031;1039;1044;1050;1061;1078
"Åge";4227;4163;4100;4021;3956;3872;3797;3734;3681
"Åsmund";2053;2049;2047;2045;2050;2053;2052;2060;2065
1050;1061;1078
"Åge";4227;4163;4100;4021;3956;3872;3797;3734;3681
"Åsmund";2053;2049;2047;2045;2050;2053;2052;2060;2065
1011;1014;1031;1039;1044;1050;1061;1078
"Åge";4227;4163;4100;4021;3956;3872;3797;3734;3681
"Åsmund";2053;2049;2047;2045;2050;2053;2052;2060;2065
4;1031;1039;1044;1050;1061;1078
"Åge";4227;4163;4100;4021;3956;3872;3797;3734;3681
"Åsmund";2053;2049;2047;2045;2050;2053;2052;2060;2065
;1014;1031;1039;1044;1050;1061;1078
"Åge";4227;4163;4100;4021;3956;3872;3797;3734;3681
"Åsmund";2053;2049;2047;2045;2050;2053;2052;2060;2065
;4227;4163;4100;4021;3956;3872;3797;3734;3681
"Åsmund";2053;2049;2047;2045;2050;2053;2052;2060;2065
