"Aae"	217	211	209	207
"Aaen"	201	202	200	203
"Aagaard"	343	344	337	337
"Aagesen"	269	271	274	274
"Aakervik"	.	.	200	201
"Aakre"	864	876	881	887
"Aakvik"	340	337	337	335
"Aaland"	332	328	325	327
"Aalberg"	509	514	505	509
"Aalvik"	231	230	231	235
"Aam"	246	245	249	249
"Aamodt"	1993	1996	1990	1993
"Aamot"	349	352	354	354
"Aandahl"	201	.	200	.
"Aandal"	234	236	237	240
"Aanensen"	492	493	490	487
"Aanerud"	266	263	257	254
"Aanes"	420	420	415	412
"Aanestad"	410	410	418	420
"Aanonsen"	620	614	601	596
"Aanstad"	237	234	237	238
"Aardal"	499	499	499	500
"Aarflot"	241	236	238	243
"Aarhus"	468	463	454	457
"Aarland"	202	201	203	208
"Aarnes"	641	633	629	628
"Aarrestad"	297	297	295	291
"Aarsand"	216	217	218	218
"Aarseth"	910	922	926	930
"Aarskog"	355	361	360	361
"Aarsland"	334	340	346	354
"Aarstad"	611	608	607	608
"Aarum"	286	284	286	283
"Aarvik"	551	549	549	556
"Aarø"	386	390	387	386
"Aas"	5820	5804	5771	5762
"Aasberg"	259	261	260	260
"Aasbø"	494	492	492	497
"Aase"	2494	2499	2503	2506
"Aasebø"	405	401	399	396
"Aasen"	4448	4438	4426	4423
"Aaserud"	658	653	655	646
"Aaseth"	224	218	219	220
"Aasgaard"	483	485	479	480
"Aasheim"	1589	1587	1594	1606
"Aasland"	1053	1050	1042	1040
"Aaslund"	306	305	301	301
"Aass"	525	520	513	522
"Abbas"	640	667	685	708
"Abdalla"	226	240	238	242
"Abdallah"	227	240	238	245
"Abdi"	2038	2074	2094	2116
"Abdirahman"	241	261	270	273
"Abdulla"	.	205	209	209
"Abdullah"	713	728	745	758
"Abdullahi"	813	845	852	884
"Abdulle"	359	363	363	360
"Abelsen"	665	668	670	662
"Abraha"	293	295	301	317
"Abraham"	367	381	406	430
"Abrahamsen"	3886	3868	3854	3832
"Abukar"	325	329	334	331
"Adam"	543	582	603	632
"Adan"	469	471	473	475
"Aden"	384	393	395	392
"Adolfsen"	899	896	883	891
"Afzal"	353	357	357	368
"Aga"	756	750	750	749
"Aglen"	266	268	269	270
"Ahmad"	2003	2045	2096	2108
"Ahmadi"	800	817	831	865
"Ahmadzai"	235	240	241	244
"Ahmed"	5569	5717	5820	5878
"Akbari"	238	248	252	263
"Aker"	350	351	352	353
"Akhtar"	920	932	930	935
"Akram"	343	353	357	367
"Aksdal"	311	312	312	313
"Akselsen"	940	943	938	929
"Aksnes"	964	970	973	963
"Alahmad"	257	272	299	333
"Alali"	247	268	279	307
"Albertsen"	739	734	730	727
"Albrigtsen"	728	725	728	716
"Aleksandersen"	444	448	445	446
"Alexandersen"	545	542	541	544
"Alfheim"	347	338	335	336
"Alfredsen"	420	422	428	427
"Alfsen"	406	398	397	398
"Algrøy"	304	303	306	309
"Ali"	6804	6938	7057	7183
"Allum"	206	209	211	211
"Alm"	532	538	546	551
"Almaas"	249	246	246	243
"Alme"	662	657	650	652
"Almli"	327	328	334	330
"Almås"	1021	1026	1021	1028
"Alnes"	615	616	620	624
"Alnæs"	238	237	233	233
"Alsaker"	551	550	550	556
"Alsos"	205	204	201	201
"Alstad"	1040	1041	1040	1032
"Alsvik"	261	260	263	267
"Alver"	232	232	235	237
"Alvestad"	886	893	894	895
"Alvheim"	312	314	317	320
"Alvær"	210	218	216	217
"Amble"	231	236	234	232
"Amdahl"	216	217	220	211
"Amdal"	783	787	791	791
"Amdam"	214	214	214	214
"Amin"	492	508	528	535
"Amini"	202	210	211	223
"Amiri"	358	365	368	365
"Amlie"	200	204	205	207
"Amundsen"	7202	7184	7147	7129
"Anda"	405	402	410	406
"Andersen"	36383	36130	35825	35544
"Anderson"	669	683	693	691
"Anderssen"	814	819	819	813
"Andersson"	2428	2423	2445	2472
"Andorsen"	211	211	207	207
"Andreassen"	11865	11795	11716	11651
"Andresen"	6268	6234	6189	6135
"Andvik"	229	234	238	244
"Anfinsen"	327	326	321	318
"Angell"	742	753	759	761
"Angelsen"	454	453	453	456
"Angeltveit"	339	346	347	351
"Angvik"	242	245	248	247
"Anthonsen"	345	341	339	333
"Anti"	271	270	279	280
"Antonsen"	5095	5074	5027	5012
"Anwar"	387	394	405	412
"Apeland"	526	528	525	532
"Araya"	370	380	388	420
"Arctander"	242	243	246	242
"Arif"	242	245	247	255
"Arneberg"	369	370	371	374
"Arnesen"	5171	5151	5106	5056
"Arnestad"	340	338	336	329
"Arnevik"	217	218	217	215
"Arntsen"	1998	1983	1983	1974
"Arntzen"	2010	2006	2005	1996
"Arnøy"	369	373	374	376
"Aronsen"	1257	1246	1253	1254
"Arshad"	284	290	294	303
"Arslan"	.	.	203	207
"Arvesen"	492	488	484	482
"Asbjørnsen"	863	866	864	863
"Asghar"	246	256	263	260
"Asheim"	435	432	430	429
"Ashraf"	399	405	404	409
"Ask"	1313	1320	1319	1316
"Aske"	521	521	518	513
"Askeland"	1195	1203	1205	1209
"Askevold"	208	208	205	203
"Askildsen"	253	256	260	259
"Askim"	305	303	305	306
"Askvik"	296	297	306	307
"Aslaksen"	1016	1005	1002	1006
"Aslam"	411	410	419	425
"Asp"	287	292	292	293
"Aspaas"	299	298	296	297
"Aspelund"	504	502	498	496
"Aspen"	472	473	484	468
"Aspenes"	312	313	309	308
"Asphaug"	359	362	361	368
"Astrup"	339	341	344	347
"Auestad"	582	580	586	587
"Augestad"	323	328	333	334
"Aukland"	261	259	259	260
"Aulie"	369	374	373	374
"Aunan"	316	321	325	330
"Aune"	4227	4219	4211	4199
"Aurdal"	276	273	271	273
"Aure"	445	444	446	449
"Aurstad"	253	251	257	251
"Ausland"	385	384	388	387
"Austad"	1160	1165	1171	1167
"Austbø"	350	350	350	351
"Austnes"	301	306	309	307
"Austrheim"	418	426	425	431
"Axelsen"	414	411	410	410
"Aziz"	532	536	552	565
"Azizi"	245	250	266	280
"Baardsen"	454	457	461	463
"Bach"	508	510	509	501
"Backe"	283	279	280	283
"Bakk"	332	335	334	332
"Bakka"	475	475	476	471
"Bakkan"	211	212	212	210
"Bakke"	6810	6805	6772	6770
"Bakkehaug"	261	264	266	268
"Bakkejord"	234	235	238	237
"Bakkeli"	208	208	206	205
"Bakkelund"	209	212	211	212
"Bakken"	7747	7704	7673	7642
"Bakker"	311	311	307	304
"Bakkerud"	301	298	294	287
"Bakketun"	225	227	228	227
"Bakstad"	202	205	205	203
"Ballestad"	248	247	249	249
"Balstad"	281	281	280	280
"Baltzersen"	320	321	319	318
"Bang"	1290	1288	1298	1287
"Barka"	253	251	247	245
"Barmen"	208	211	212	210
"Barstad"	1097	1106	1105	1094
"Barth"	334	334	333	336
"Bartnes"	268	270	271	267
"Bashir"	435	446	455	459
"Bastiansen"	265	266	265	269
"Bauer"	274	277	275	277
"Bauge"	590	594	595	599
"Baumann"	300	300	304	303
"Baustad"	221	219	223	222
"Bay"	226	229	230	232
"Bech"	675	674	674	674
"Beck"	762	769	774	777
"Becker"	291	289	294	300
"Begum"	725	717	699	682
"Bekkelund"	760	754	754	742
"Bekken"	1091	1094	1090	1082
"Bekkevold"	1162	1163	1175	1186
"Bell"	284	292	296	299
"Belsvik"	255	256	258	256
"Bendiksen"	1547	1551	1546	1537
"Bendixen"	302	308	313	319
"Bengtsson"	227	222	222	233
"Benjaminsen"	1185	1185	1179	1171
"Benonisen"	214	214	215	217
"Bentsen"	1108	1102	1095	1098
"Bentzen"	786	799	800	803
"Berdal"	411	412	415	417
"Berentsen"	694	692	698	693
"Berg"	17894	17789	17734	17702
"Bergan"	1318	1313	1310	1304
"Berge"	6840	6862	6845	6850
"Bergem"	345	342	348	348
"Bergene"	455	447	447	452
"Berger"	2227	2225	2227	2215
"Bergersen"	1552	1550	1557	1560
"Bergerud"	469	466	460	456
"Bergesen"	708	714	715	717
"Berget"	1867	1867	1863	1859
"Berggren"	340	342	347	351
"Bergh"	1019	1017	1015	1018
"Bergheim"	985	979	987	990
"Bergland"	503	502	510	510
"Bergli"	1002	997	991	984
"Berglund"	1276	1275	1280	1279
"Bergman"	358	357	356	356
"Bergmann"	608	607	607	615
"Bergo"	274	278	280	282
"Bergquist"	270	268	270	273
"Bergseng"	254	252	255	258
"Bergset"	318	314	312	311
"Bergseth"	562	562	560	557
"Bergstrøm"	895	889	902	820
"Bergsvik"	222	218	215	213
"Bergtun"	245	246	241	241
"Bergum"	954	946	951	949
"Berhane"	335	359	373	389
"Berhe"	400	422	430	448
"Berisha"	499	519	541	547
"Berland"	598	601	601	602
"Bernhardsen"	523	523	524	528
"Berntsen"	5452	5430	5382	5385
"Berntzen"	992	991	982	973
"Berre"	305	306	308	315
"Berstad"	333	331	332	328
"Bertelsen"	1110	1105	1103	1088
"Berthelsen"	511	507	509	499
"Bertheussen"	704	700	701	691
"Betten"	341	341	338	339
"Beyene"	.	202	211	230
"Beyer"	.	.	200	200
"Bhatti"	326	333	338	342
"Bibi"	397	402	405	394
"Bilstad"	284	281	278	278
"Birkedal"	309	310	306	308
"Birkeland"	4772	4772	4738	4739
"Birkeli"	223	225	230	230
"Birkelund"	710	716	711	706
"Birkenes"	384	388	380	379
"Bjelland"	1730	1726	1725	1737
"Bjerga"	421	421	424	426
"Bjerk"	380	376	372	372
"Bjerkan"	830	825	825	833
"Bjerke"	3604	3600	3588	3581
"Bjerkeli"	332	328	327	334
"Bjerkelund"	321	324	328	325
"Bjerkestrand"	381	383	382	384
"Bjerkli"	292	295	290	295
"Bjerknes"	928	928	923	929
"Bjerkvik"	213	213	211	209
"Bjerkås"	302	311	307	312
"Bjordal"	685	689	688	688
"Bjorland"	.	.	201	201
"Bjorøy"	267	268	271	271
"Bjune"	284	282	284	283
"Bjønnes"	293	290	291	291
"Bjønness"	213	212	211	209
"Bjørdal"	573	579	581	580
"Bjørgan"	445	448	448	452
"Bjørge"	1286	1278	1282	1283
"Bjørgen"	392	397	395	394
"Bjørgo"	284	278	280	281
"Bjørgum"	476	476	477	475
"Bjørheim"	308	307	307	307
"Bjørk"	536	540	544	484
"Bjørke"	780	778	781	775
"Bjørkedal"	330	329	334	337
"Bjørkhaug"	395	392	394	398
"Bjørkheim"	215	215	217	216
"Bjørkli"	554	559	555	554
"Bjørklund"	1313	1299	1299	1251
"Bjørkmo"	258	260	261	259
"Bjørkum"	203	205	205	206
"Bjørkås"	332	336	337	340
"Bjørlo"	324	324	319	319
"Bjørn"	326	322	323	321
"Bjørndal"	953	962	966	949
"Bjørndalen"	326	322	321	325
"Bjørnerud"	496	497	498	493
"Bjørnes"	202	.	.	.
"Bjørnestad"	485	485	487	486
"Bjørnevik"	365	366	370	372
"Bjørnsen"	1452	1463	1465	1464
"Bjørnstad"	3113	3102	3095	3084
"Bjørnø"	247	247	249	250
"Bjørnøy"	231	230	228	224
"Bjørnå"	303	304	310	309
"Bjørseth"	362	359	356	362
"Bjørsvik"	544	545	547	547
"Bjørvik"	502	502	494	504
"Blakstad"	406	403	405	400
"Blindheim"	1026	1034	1037	1038
"Blix"	675	681	697	703
"Blom"	981	986	991	989
"Blomberg"	314	318	322	316
"Blomvik"	202	.	.	.
"Blystad"	298	300	301	304
"Bodin"	233	230	228	227
"Boge"	582	587	591	597
"Bogen"	642	641	641	636
"Bogstrand"	.	.	203	202
"Bolme"	424	420	421	427
"Bolstad"	1637	1634	1615	1616
"Bondevik"	.	.	201	203
"Bones"	236	234	238	241
"Bonsaksen"	224	226	228	230
"Borch"	367	372	374	375
"Borchgrevink"	283	287	289	287
"Bore"	649	643	638	640
"Borg"	734	732	728	739
"Borgan"	276	280	277	279
"Borge"	2169	2169	2169	2169
"Borgen"	2072	2057	2035	2037
"Borgersen"	1106	1104	1100	1096
"Borlaug"	446	449	447	453
"Borsheim"	218	217	223	227
"Bostad"	311	312	312	313
"Botnen"	424	430	434	435
"Botten"	489	488	489	482
"Boye"	322	320	320	321
"Braastad"	206	204	206	209
"Braaten"	842	837	829	819
"Braathen"	1333	1329	1329	1327
"Bragstad"	317	316	318	321
"Brakstad"	456	456	458	463
"Brandal"	776	778	779	784
"Brandt"	770	761	765	769
"Brandtzæg"	404	403	399	399
"Brandvik"	235	235	236	233
"Braseth"	312	324	333	330
"Brastad"	225	223	222	227
"Brataas"	210	206	207	210
"Bratberg"	489	488	490	480
"Bratland"	957	955	947	949
"Bratli"	553	553	544	542
"Bratlie"	721	722	723	727
"Bratsberg"	304	298	299	299
"Brattli"	305	308	303	304
"Brattås"	256	255	252	254
"Bratvold"	242	243	248	246
"Braut"	442	442	441	444
"Bredal"	272	268	268	270
"Bredesen"	1453	1459	1450	1438
"Breen"	316	322	324	324
"Breiland"	215	216	218	222
"Breistein"	284	282	277	279
"Breivik"	2637	2632	2644	2620
"Brekka"	245	243	242	240
"Brekke"	3984	3976	3962	3957
"Brekken"	558	561	561	566
"Bremnes"	533	530	532	537
"Bremseth"	297	295	292	293
"Brenden"	1095	1103	1107	1111
"Brenna"	972	968	967	964
"Brenne"	712	716	724	717
"Brevig"	227	229	230	230
"Brevik"	1701	1700	1690	1682
"Bringedal"	257	259	261	258
"Brobakken"	280	281	282	280
"Broch"	225	229	228	227
"Brodahl"	281	280	278	277
"Brodersen"	.	.	200	201
"Broen"	304	300	300	303
"Brovold"	568	566	569	573
"Brown"	392	404	407	418
"Brox"	458	455	462	468
"Bru"	546	546	547	550
"Bruaset"	210	213	214	212
"Brubakken"	207	214	213	210
"Brudevoll"	212	214	216	215
"Brudvik"	220	222	220	222
"Bruheim"	266	266	263	261
"Bruland"	647	654	656	658
"Brun"	1016	1017	1009	1007
"Brunborg"	251	254	255	255
"Brunes"	307	305	305	308
"Brunstad"	381	378	372	369
"Brunvoll"	281	282	281	286
"Brustad"	810	805	805	800
"Bruun"	1002	1002	1007	1000
"Bruvik"	587	588	594	598
"Bruvoll"	309	307	304	306
"Bryhn"	387	386	382	380
"Bryn"	474	473	478	480
"Bryne"	299	296	297	297
"Brynildsen"	594	581	573	570
"Brynjulfsen"	313	313	307	309
"Brække"	221	218	224	219
"Brækken"	218	219	217	215
"Brænd"	202	204	208	207
"Brænden"	246	244	244	241
"Brøndbo"	331	331	331	330
"Brønstad"	318	316	313	317
"Bråten"	2864	2852	2842	2821
"Bråthen"	3362	3326	3300	3281
"Bu"	280	280	272	277
"Buan"	247	246	253	253
"Bue"	379	381	374	370
"Buene"	252	255	258	265
"Buer"	748	750	742	749
"Bugge"	1363	1369	1381	1388
"Bugten"	231	231	233	236
"Bui"	463	481	482	480
"Buljo"	319	318	316	320
"Bull"	728	730	731	740
"Bunes"	414	417	412	410
"Buraas"	207	205	209	205
"Burud"	209	211	207	207
"Busch"	422	419	417	425
"Busk"	202	200	201	202
"Butt"	828	833	839	858
"Buvarp"	217	212	212	214
"Buvik"	334	328	328	330
"By"	463	467	469	470
"Byberg"	825	823	824	828
"Bye"	2448	2452	2435	2418
"Byrkjeland"	298	299	303	303
"Bystrøm"	.	.	203	.
"Bækken"	319	312	311	310
"Bærheim"	238	240	238	235
"Bævre"	365	362	365	363
"Bø"	2468	2469	2472	2466
"Bødtker"	200	.	.	.
"Bøe"	4248	4228	4219	4202
"Bøen"	470	476	473	474
"Bøhler"	352	350	354	349
"Bøhmer"	203	205	205	200
"Bøhn"	668	665	670	663
"Børnes"	.	201	.	200
"Børresen"	1840	1838	1833	1824
"Børseth"	325	324	325	326
"Børsheim"	226	228	229	230
"Børstad"	284	285	288	286
"Børve"	440	444	444	451
"Bøthun"	264	266	262	261
"Bøyum"	344	346	346	352
"Bårdsen"	920	929	932	934
"Båtnes"	.	.	.	200
"Cao"	.	.	200	202
"Cappelen"	253	256	253	262
"Carlsen"	2812	2796	2788	2769
"Carlson"	256	260	259	255
"Carlsson"	463	466	468	465
"Caspersen"	445	448	453	449
"Celik"	.	.	200	205
"Celius"	248	254	258	259
"Chan"	236	241	244	245
"Chaudhry"	368	377	386	389
"Chen"	563	586	574	570
"Christensen"	6259	6235	6207	6189
"Christiansen"	3767	3735	3716	3708
"Christoffersen"	1365	1360	1350	1339
"Christophersen"	453	446	441	441
"Clausen"	1185	1180	1181	1180
"Claussen"	345	343	337	339
"Corneliussen"	783	789	791	790
"Daae"	377	378	386	386
"Dagestad"	309	307	309	309
"Dagsland"	295	307	306	305
"Dahir"	379	388	394	403
"Dahl"	11427	11412	11373	11334
"Dahlberg"	674	685	689	696
"Dahle"	3291	3289	3278	3269
"Dahlen"	1217	1211	1212	1188
"Dahlgren"	232	233	227	228
"Dahlstrøm"	393	396	401	363
"Dalaker"	204	205	206	203
"Dalby"	382	388	383	378
"Dale"	3350	3343	3348	3357
"Dalen"	2457	2445	2448	2455
"Dalene"	346	348	342	337
"Daleng"	206	205	207	207
"Dalhaug"	289	291	287	288
"Dalheim"	467	468	472	478
"Dalland"	466	464	464	463
"Dalsbø"	208	209	215	216
"Dalseth"	217	215	216	214
"Dammen"	583	580	586	583
"Dang"	450	460	461	466
"Daniel"	.	.	.	210
"Danielsen"	5454	5454	5443	5439
"Dar"	.	204	209	213
"David"	.	206	.	208
"Davidsen"	1845	1845	1839	1841
"Dehli"	305	301	301	298
"Demir"	208	218	227	225
"Derås"	210	208	213	212
"Devik"	261	261	263	265
"Devold"	276	274	272	273
"Didriksen"	1091	1090	1075	1067
"Diesen"	212	214	221	219
"Digernes"	356	359	359	365
"Digre"	262	263	265	262
"Dimmen"	393	395	391	395
"Dinh"	227	227	239	243
"Dirdal"	372	371	373	374
"Ditlefsen"	380	374	375	381
"Djupvik"	488	486	493	487
"Djuve"	217	222	217	213
"Djønne"	250	249	248	249
"Do"	368	374	374	374
"Doan"	259	265	267	264
"Dokken"	739	737	726	721
"Drabløs"	304	309	314	314
"Drage"	334	329	337	342
"Drageset"	219	218	218	217
"Dragland"	239	237	238	240
"Dramstad"	203	204	204	207
"Drange"	676	675	683	685
"Drevland"	210	215	217	220
"Dreyer"	544	547	541	548
"Drivenes"	275	281	286	288
"Drønen"	312	312	314	318
"Due"	301	301	302	303
"Duong"	325	329	328	334
"Dvergsdal"	295	296	295	301
"Dyb"	376	384	387	391
"Dybdahl"	496	497	489	486
"Dybdal"	285	282	285	286
"Dybvik"	949	948	951	950
"Dybwad"	228	232	232	233
"Dyngeland"	322	321	317	323
"Dyrdal"	327	333	331	330
"Dyrhaug"	257	264	263	267
"Dyrkorn"	226	226	222	221
"Dyrnes"	532	529	526	534
"Dyrseth"	276	278	279	277
"Dyrstad"	352	354	361	368
"Dyrøy"	272	273	270	270
"Dørum"	496	489	484	479
"Ebbesen"	338	337	339	342
"Eckhoff"	334	332	328	323
"Edland"	520	516	520	517
"Edvardsen"	4839	4809	4785	4760
"Edvartsen"	221	218	217	216
"Eeg"	218	218	217	215
"Eek"	463	467	465	470
"Ege"	387	385	383	388
"Egeberg"	456	456	453	450
"Egeland"	2527	2522	2528	2535
"Egeli"	314	319	319	319
"Egenes"	213	212	206	207
"Eggan"	232	232	235	238
"Egge"	786	788	787	794
"Eggen"	1845	1841	1832	1843
"Eggum"	323	323	316	318
"Eid"	615	612	618	625
"Eide"	8399	8400	8435	8440
"Eidem"	1066	1061	1070	1073
"Eidet"	274	278	282	282
"Eidissen"	474	470	467	465
"Eidsheim"	.	.	200	200
"Eidsvik"	289	289	289	292
"Eidsvåg"	219	223	225	229
"Eie"	647	649	639	634
"Eik"	928	929	926	930
"Eike"	420	420	427	426
"Eikeland"	2205	2232	2243	2257
"Eikemo"	437	440	440	441
"Eiken"	498	491	493	493
"Eikenes"	474	480	477	479
"Eikrem"	855	862	861	867
"Eikås"	321	321	329	330
"Eilertsen"	3231	3222	3222	3207
"Einan"	218	221	225	225
"Einarsen"	928	928	937	931
"Einvik"	237	238	235	239
"Eira"	627	631	635	631
"Ek"	611	604	603	603
"Ekeberg"	790	792	787	788
"Ekeland"	413	414	418	421
"Ekeli"	249	250	248	246
"Ekelund"	257	260	262	269
"Ekerhovd"	314	318	318	322
"Ekker"	214	214	216	214
"Eklund"	426	426	429	426
"Eknes"	371	369	375	380
"Ekre"	276	275	274	269
"Ekrem"	317	317	314	313
"Ekren"	436	434	434	433
"Ekroll"	290	290	288	291
"Ekstrøm"	241	243	237	.
"Elde"	380	384	386	383
"Elden"	257	260	255	261
"Eldevik"	232	229	234	236
"Eliassen"	4289	4295	4274	4254
"Ellefsen"	1854	1846	1832	1820
"Ellingsen"	4921	4906	4866	4864
"Elmi"	480	464	476	470
"Elnes"	232	231	229	229
"Elstad"	619	612	606	614
"Elton"	210	210	207	208
"Eltvik"	223	224	225	225
"Elvebakk"	313	312	309	305
"Elvenes"	251	250	249	252
"Elverum"	376	372	373	371
"Elvestad"	505	499	505	504
"Elvik"	210	210	213	212
"Emanuelsen"	240	239	238	242
"Emberland"	239	240	242	243
"Emblem"	261	261	263	261
"Emilsen"	496	496	493	488
"Endal"	283	282	283	286
"Endresen"	1545	1548	1537	1542
"Enersen"	376	380	373	373
"Enes"	213	208	213	211
"Eng"	934	927	917	913
"Engan"	897	905	908	903
"Engdal"	362	358	357	353
"Enge"	642	642	636	640
"Engebakken"	401	405	411	411
"Engebretsen"	2770	2752	2727	2710
"Engedal"	373	379	381	386
"Engeland"	287	285	278	278
"Engelsen"	603	603	605	600
"Engelstad"	572	573	575	573
"Engen"	3797	3764	3758	3737
"Engenes"	222	226	228	228
"Enger"	2185	2169	2172	2167
"Engeset"	410	406	412	413
"Engeseth"	328	326	331	330
"Engevik"	357	360	359	360
"Engh"	1156	1146	1148	1148
"Englund"	234	240	236	232
"Engseth"	203	204	206	204
"Engstad"	218	219	219	218
"Engstrøm"	401	401	400	320
"Engum"	328	329	327	330
"Engvik"	298	297	296	297
"Enoksen"	1092	1084	1069	1066
"Ensrud"	233	232	232	233
"Erdal"	726	729	739	746
"Erga"	490	488	497	508
"Erichsen"	892	898	896	903
"Eriksen"	18887	18808	18741	18618
"Eriksrud"	249	246	248	245
"Eriksson"	1398	1385	1396	1399
"Erikstad"	428	434	425	424
"Erland"	418	419	423	427
"Erlandsen"	1338	1345	1338	1341
"Ernstsen"	260	263	259	264
"Ersland"	387	394	396	391
"Erstad"	741	745	743	741
"Ertsås"	206	207	213	212
"Ervik"	1210	1224	1225	1226
"Eskedal"	232	230	230	229
"Eskeland"	472	470	472	474
"Espe"	419	421	423	422
"Espedal"	853	863	863	866
"Espeland"	1670	1679	1690	1699
"Espelid"	319	318	325	325
"Espenes"	339	335	332	334
"Espeseth"	419	421	421	415
"Estensen"	225	227	229	231
"Evanger"	235	237	236	240
"Evenrud"	218	217	217	219
"Evensen"	5938	5909	5900	5891
"Evenstad"	282	281	281	281
"Evertsen"	215	216	215	213
"Evje"	230	233	235	234
"Evjen"	1060	1057	1055	1043
"Evju"	256	253	247	249
"Fadnes"	247	253	253	253
"Fagerbakke"	227	230	229	229
"Fagereng"	239	243	243	243
"Fagerhaug"	261	265	265	266
"Fagerheim"	799	801	795	800
"Fagerland"	555	559	557	563
"Fagerli"	1046	1044	1044	1041
"Fagermo"	265	267	265	269
"Fagernes"	301	307	309	301
"Fagertun"	224	227	226	224
"Fagervik"	266	268	271	275
"Fagervold"	231	230	234	233
"Fagerås"	243	244	246	249
"Falch"	952	959	975	972
"Falck"	494	492	497	505
"Falk"	281	276	284	285
"Falkenberg"	218	217	216	219
"Fallet"	298	299	301	303
"Fanebust"	287	287	285	283
"Farah"	815	821	830	847
"Fardal"	285	284	278	277
"Farestveit"	296	296	297	296
"Farooq"	229	229	235	231
"Farstad"	1580	1576	1574	1585
"Fauskanger"	420	419	417	420
"Fauske"	739	730	720	726
"Fedje"	203	202	200	.
"Fenne"	202	205	207	207
"Feragen"	315	314	317	318
"Ferkingstad"	360	358	359	357
"Fernandez"	.	.	.	210
"Ferstad"	229	226	231	226
"Fevang"	537	538	541	547
"Fidje"	281	280	283	279
"Fidjeland"	239	239	241	241
"Figenschau"	229	228	226	228
"Figenschou"	280	279	279	274
"Fiksdal"	381	376	380	381
"Fimland"	202	201	200	204
"Fimreite"	258	254	253	249
"Finne"	503	501	496	489
"Finnerud"	257	253	255	256
"Finnesand"	231	234	237	236
"Finnøy"	206	211	215	218
"Finseth"	330	330	326	328
"Finsrud"	473	473	470	471
"Finstad"	1756	1755	1760	1764
"Fischer"	373	378	376	379
"Fiske"	391	391	390	388
"Fiskerstrand"	363	359	359	357
"Fiskum"	310	312	312	310
"Fiskvik"	339	345	344	344
"Fiskå"	276	285	288	289
"Fjeld"	2534	2529	2510	2513
"Fjeldberg"	539	545	544	546
"Fjelde"	605	608	604	602
"Fjeldheim"	576	575	572	567
"Fjeldstad"	1757	1747	1753	1739
"Fjell"	785	789	796	797
"Fjellanger"	300	300	299	299
"Fjelldal"	441	439	441	438
"Fjellestad"	282	284	288	291
"Fjellheim"	853	864	865	866
"Fjellstad"	820	818	812	820
"Fjellvang"	309	308	312	305
"Fjermestad"	341	340	343	346
"Fjær"	213	210	209	208
"Fjæreide"	211	213	205	204
"Fjærli"	298	303	303	306
"Fjørtoft"	760	767	769	773
"Flaa"	356	356	349	351
"Flaaten"	205	205	207	207
"Flage"	209	206	211	214
"Flataker"	215	217	218	216
"Flatebø"	383	381	384	389
"Flaten"	947	941	936	933
"Flatland"	350	354	359	368
"Flatmo"	217	215	215	217
"Flatøy"	260	260	266	266
"Flatås"	312	312	309	310
"Fleischer"	298	302	300	304
"Flem"	401	404	408	411
"Flesland"	235	235	236	233
"Flo"	440	439	443	458
"Flø"	360	360	357	356
"Flønes"	268	264	259	255
"Fløtre"	271	272	272	273
"Fløysvik"	211	214	216	218
"Flåten"	498	494	495	490
"Foldnes"	213	217	221	225
"Folgerø"	347	345	341	341
"Folkedal"	237	235	237	238
"Folkestad"	640	642	639	632
"Folkvord"	329	335	332	331
"Folland"	261	265	262	260
"Follestad"	387	383	378	381
"Fonn"	273	267	264	264
"Fonnes"	212	214	215	213
"Forberg"	537	542	538	539
"Forbord"	340	339	341	343
"Forland"	298	299	297	302
"Formo"	352	352	349	349
"Fornes"	501	502	501	508
"Forsberg"	835	837	838	844
"Forseth"	354	351	357	354
"Forsmo"	328	326	325	327
"Fosen"	221	219	219	218
"Foss"	3144	3132	3137	3124
"Fossan"	304	303	303	300
"Fossdal"	450	448	443	441
"Fosse"	2164	2176	2190	2192
"Fossen"	1031	1030	1027	1019
"Fosser"	204	203	203	205
"Fosshaug"	282	280	276	274
"Fossheim"	770	772	783	787
"Fossland"	293	295	294	290
"Fossli"	380	383	384	389
"Fossmark"	240	238	235	235
"Fossmo"	270	270	272	267
"Fossnes"	238	236	236	234
"Fossum"	2728	2715	2708	2717
"Fotland"	512	510	511	507
"Frafjord"	482	481	489	490
"Framnes"	285	289	290	291
"Frank"	210	215	210	206
"Frantzen"	1500	1501	1503	1509
"Fredheim"	1358	1351	1365	1355
"Fredriksen"	6730	6688	6654	6621
"Fremstad"	555	558	557	552
"Fretheim"	259	259	261	262
"Friberg"	363	364	361	364
"Friestad"	500	504	504	503
"Frigstad"	365	360	359	353
"Friis"	499	503	504	501
"Frivold"	213	213	211	208
"Frogner"	515	518	517	518
"Frost"	.	205	214	214
"Frostad"	477	477	477	473
"Frydenberg"	311	311	314	320
"Frydenlund"	1106	1101	1097	1098
"Frøiland"	281	278	281	281
"Frøland"	463	464	467	466
"Frøseth"	291	296	301	302
"Frøshaug"	217	213	212	216
"Frøyen"	350	354	351	351
"Frøyland"	652	656	667	664
"Frøysa"	240	245	242	241
"Frøystad"	258	263	260	261
"Fuglerud"	277	273	275	275
"Fuglestad"	651	653	653	664
"Fure"	535	537	546	548
"Furnes"	994	992	1003	1007
"Furre"	335	333	329	328
"Furset"	257	253	255	258
"Furseth"	289	283	282	280
"Furu"	534	532	534	540
"Furuhaug"	200	200	.	.
"Furuheim"	248	251	251	248
"Furulund"	632	623	626	625
"Furunes"	323	321	319	326
"Furuseth"	896	897	886	889
"Fyhn"	239	240	241	240
"Fykse"	215	217	216	211
"Fylkesnes"	309	316	320	322
"Fylling"	515	512	511	509
"Fyllingen"	.	200	201	202
"Følstad"	263	260	261	260
"Førde"	1065	1067	1066	1066
"Føreland"	221	220	217	217
"Førland"	860	853	857	858
"Førre"	252	253	254	252
"Førsund"	218	222	221	224
nd"	860	853	857	858
"Førre"	252	253	254	252
"Førsund"	218	222	221	224
und"	218	222	221	224
ørsund"	218	222	221	224
Førsund"	218	222	221	224
rsund"	218	222	221	224
rsund"	218	222	221	224
